facilities = 100 objectives = 2 max_distances = 100 max flows = 100 correlation = 0.000000 seed = 1137708833
 0 94 24 24 76 63 22 22 40 67 46 64 51 57 43 57 43 37 85  2 88 59 59 46 68 17 66  8 25 15 89 82 86 17 81  2  4 51 47 70 64 25 21 96 66 98 64 57 84 14  7 32 76 59 61 63  5 20 73 49 50 72 13 35 22 54 79 69  4 31 27  9 26 78 69 24 13 50 82 49  6 37 95 87 61 98 81 32 80 48 17 76 36 16 34 22 25 86 19 57 
94  0 68 28 55 69 53 55 100 48  1 71 87 32 18 83 36 14 12 91 61 68  3 19 70 54 95 21 88 28 24 67 30 59 35 47 22 61 62 59 34 99 36 16 15 75  6 13  8 29 80 50 28 22 83  4 83 38 98 91 25 53 58 68 56 16 14 98 58 52 53 21 85 53  9 45 88  4  4 71 94 86 89 75 53  6 81  7 66  7 23 22 20 48 23 73 53 98 74 88 
24 68  0 11 30 71 13 33 39 31 26  3 13 44 96 90 49 77 94 98 75 81 53 50 38 92 50 86  7 76 80 10 90 24 82 41  7 60 58 69 18 73 63 86 75 99  9 86 58  3 52  6  5 66 24 43 49 10 19 45 29 20 76 21 93 96 74 12 46  4 100 54 35 18  3 64  8  1 16 98 52 90 84 12 48 72 43  3 25 93 40 11 43 76 58 89 24  9 97 93 
24 28 11  0 27 63 87 81 97  4 27 79  9  5  6  7 78  5 96 63 52  5 98 50 12 34 77 19 75 34 100 49 91  9  3  4 23 92 15 51 94  3 77 51  9 28 55 51 74 71 99 53 91 77 21 52 77  3 37 84 57 35 60 11 57 34 97 92  8 33 82 61 34 39  3 27 92 83 75 77 35 73 88  3 51 71 80 95 72 89 39 81 53 29 31 86 77 11 41  3 
76 55 30 27  0 100 88 63 17  4 25 68 32 97 60 49 58 40 68 16 52 83 37 100 33 73 26 78 24 97 57 63 27 89 20 78 82  1 32 14 40 45 59 10 92 42 37 78 12 100 88 62 94 70 71 14 72 20 70 88 19 71 55 38 41 83  9 96 24 94 67 28 84 10  7 53  9 22 59 28 21 71 17 21 75  9 26 36 84 96 14 41 47 55 47 57 47 51 46  8 
63 69 71 63 100  0 18 14 18 24 39 84 28 25 48 70 42 21 59 85 70 59 29 24 93 32 30  7 14 91 10 76 20 45 28  1 26 20 27 42 96  9 10 11 42 50 46 91  8 28 73 34 90 72 41 72 18 24 58 97 46 40 12 67 28 96 73 79 94 70 36  8 18 56 92 32 29 43  2 96 48 92  8 54 37 76 53 94 91 43 62 24 26 95 52 15 58  9 26 34 
22 53 13 87 88 18  0  8 48 80 21 15 76 76 58 81 93 52 33 92 27 21 54 27 81 42 77 18 43 57 100 34 81 87  3 76 99 24 35 10 100 84 88 96 85 26  5 37  8 17 12 35 98 55 100 19 80 27 85 39 89 93 86 94 54 73 10 99 27 29 37 27 80  6 46 79 31 65 10 57 28 93 73  6 82 90 33 73 99 18 49 97 46 38 57 20  5 65 42 87 
22 55 33 81 63 14  8  0 18 50 48 97 32 16 31 61 62 16 34 58 53 30 77  4 31 92  3 46 66 86 50 16  4 56 25 35 99 77 84 13 35  8 92 83 56 13 71 68 53 92 80 88 12 82 49 37 21 83 86 39 25 27 86 54 45 83 54 73  5 63 96 12 79 69 44 70 40 89 71 12  3 74 16 46  2 42 83 40 81 20  6 34 77 14 30 41 93 70 30 36 
40 100 39 97 17 18 48 18  0  3 32 84 75 14 14  5 51  9 92 42  8 50 62  3 95 91 41 18 10 72 43 23 63 13 73 40 26 40 97 49 13 61 14 81 54 74 53 53 94 27 39 81 99 58 70 21 45 25 47 24 47 16 72 81 66 66 74 82 45 37 50 70 26 69 72 97 60 33 75 62 55  5 100 80 78 62 55 56 87 28 70 100 79 91 19 74 98 18 87  6 
67 48 31  4  4 24 80 50  3  0 83 47 63 70 40 25 26 38 88 32 60 80  3 60  7 94 89 44  1  2 46 80  7  2 31  5 14 100  7 70  8 96 81 82 39 65 11 32 78 53 55 74 23 21 94 45 52 39 24 60 63 69 13 39 74 89 54 91 84 55 46 97  7 24  7 19 67 78 23 12  5  7 17 68 57 70 51  4 10 91 53 66 16 45 27 92  4 90 33 98 
46  1 26 27 25 39 21 48 32 83  0 45 65 36 15 23 31 14 99 41  3 54 67 27 71 91 71 43 42 15 34 11  7 94 60 28 24  9 59 65 99 25 13 11  2 31 19 12 38 29 83 34 85 55 89 82 60 71 94  2 10 81 49 59 94 22 71 85 54 10 35 56 79 72 21 38 95 42 25 28 36 27 51 14 24 48 75 100 94 32  6 19 26 33 21 71 25 63 39 68 
64 71  3 79 68 84 15 97 84 47 45  0  6 44 11 94 39 12 64 68 70 76 70 100 43 48 41 71 51 21 29  6 20 51 100  6 58 74 16 73 22 35 53 67 44 97 80 85  5 95 39 78 45 83 40  9 13 16 84 92 87 54 34 56 100 65 37 56 54 12 83 11 31 84 10 85 78 46 74  6  8 52 29 71  3  2 39 53 66 80 10 29 14 93 93 35 39 86 66 60 
51 87 13  9 32 28 76 32 75 63 65  6  0 21 26 19 60 22  4 70 15 92 85 86 74 85 13 97  6 90 61 11 58 54 84 99 15 78 35 47 84 80 28 78 95 84 96 12 50 30 93 59 92 74 65  6 51 69 71 22 55 91 53 34 95 35 65 90 71 38  7 25 50 58 36 26 85 28  7 20 21 94 35 21 59 76 94 53 40 63 27  7 41 34 15 56 88 27 37 53 
57 32 44  5 97 25 76 16 14 70 36 44 21  0 61 27 21  9 21 95 64 77  6 85 99 77 93 94 56 45 43 51 68 96 57 83 43 44 34 33 13 72 32 28 59 54 94 86 76 80 59 81 54 100 18  5 26 38 53 79 33 92 76 41 95 82 73 93 50 17 22 98 90 91  3 55 41 85 26 84 79 21 70 37 59 90 80 45 56 59  6 46 72 56 60 39 33  5 14 39 
43 18 96  6 60 48 58 31 14 40 15 11 26 61  0 42  4 37 35 21 76 22 67 42 97 83 92  9 50 97 10 74 47 23 49 64 95 95 52  7 37 49 23  1 84 85 64 17 74 82 42 85 58 11 100 52 64 41 64 42 84 90  8 25 29 16 10 92 49 89 58 10 64 49 28 46 64  6 45 76 88 72 11 50  8 77 14 94  3  1 56  2 38  5 29 74  7 57 23 47 
57 83 90  7 49 70 81 61  5 25 23 94 19 27 42  0 84 55 62 76 67 35  5  3 70 71 45 45 43 65 70  8 13 49 65 34 49  5 31 27 44 72 32 34 73 51 90 25 21 88 58  8 62 95 13 33 85 39 49 47 39  4 55 69 54  6 10 54 74 87 14 33 23 85  3 94 90 23 78 52 30 77  5 86  5 76 94 86 52 42 15  9 90 97 63 58 23 89 40 100 
43 36 49 78 58 42 93 62 51 26 31 39 60 21  4 84  0 63 87 52 29 100 80  5 78 44 77 10 37 64 70  4 44 36 26 78 51 83 49 52  5 63 25 57 17 92 12 41 98 42 72 20 43 69 79 52  6 54 29 74 40 60 12 60 68 81  1 11 25 25 31 20 60 32  5 72 23 74 11 37 82 60 85 65 48 95 23 88 33 12 86 47 42 97 73  7 76 66 77 40 
37 14 77  5 40 21 52 16  9 38 14 12 22  9 37 55 63  0 91 81 33 40 53 15 56 73 45 73 26 42 65 93 52 40 67 97 25 48 33 84 77 36 80 97 62 46 75 60 48 66 58 92 33 29 95 15 46 95 28 78 30 49 84 38 91 81 66 14 18 48 49 87  4 90 84 87 34  6 56 76 99 47 19 69  3 73 33 43 87 39 57  8 44  4 78 29 98  7 61 45 
85 12 94 96 68 59 33 34 92 88 99 64  4 21 35 62 87 91  0 81  2 83 30 33 82 27 59 11  7 65 16 17 85 79 67 76 80 12 51  1 29 14 86 17 83 99  6 40 58 65 68 33 82 58 83 29 91 48 36  6 12 49 53 73  5 92  5 80 45 14 100 67 34 55 48 86  1 65 39 65 21 20 88 50 42 51 79 55 74 19 17  2 15 77 84 34 87 77 77 22 
 2 91 98 63 16 85 92 58 42 32 41 68 70 95 21 76 52 81 81  0 66 11 68 97 73 83 42 12 99 78 22 10 56 47 57 89 50 96 75 65 23 89 18 64 65 90 23 80 56 36 29 47 78 30 38 79  7 64 33 43 77 45 12 58 74 71 27 58 53 79 93 13 53 42 21 67 28 51 72 12 82 76 100 47 86 59 16 97 50  5  9 64 24  7 46 37 27 66 31 23 
88 61 75 52 52 70 27 53  8 60  3 70 15 64 76 67 29 33  2 66  0 51 76 48 67 28 48 45 80 56  4 85 43 95 53 63 58 79 10 66 64 96 92 96 21 78 42 36 57  6 39  4  7 51 45 18 100 27 49 63 73 59 67 68 97 29 69  4 12 38 89 19  1 35 62 93 65 85 50 34 95 57 31 91 61 35  9 42  9 29 89  4 59 72 47 13 51 79 83 20 
59 68 81  5 83 59 21 30 50 80 54 76 92 77 22 35 100 40 83 11 51  0 90 95 45 66 82 80 13 18 91 86 38 10 74 77 48 12 98 98 76 19 25 26 55 87 62 16 37 59 18 65 84 50 26 45 37 15 46 87 64 67 29 90 30 76 66 95 39 31 59 41 85 85 39 68 64 33 96 19 14 26 22 68 47 52 22 62 18 83 29 100 28 93 57 65 28 33 86  5 
59  3 53 98 37 29 54 77 62  3 67 70 85  6 67  5 80 53 30 68 76 90  0 37 48 45 61 58  3  2 99 96 65 89 89 74 49 47 43 71 97 65 86 69 91 50 31 19  4 70 73  2 58 61  8 78 54  2 63 79 15 10 12 70 13 82 72  9  2  2 62 47 21 63 34 90 29 98 82 17 40 75 65 78 52 75  8 34 18 43 36 76 80 26 76 96 37 66 87 48 
46 19 50 50 100 24 27  4  3 60 27 100 86 85 42  3  5 15 33 97 48 95 37  0 94 39 66 15 32 75  9 51 16 43 95 49 59 83 79 83 31 18 65 22 16 16 10 47 90 54  9 33 57 100 71 44 36 52 81 67 38 100 66 17 74 24 25 67 92  2 70 66 34 41 86 31  2 13 86 93 18 35 31 64  7 43 91 94 32  3 46 36 31 67 100 97 16 90 31  2 
68 70 38 12 33 93 81 31 95  7 71 43 74 99 97 70 78 56 82 73 67 45 48 94  0 74 18 17 98 42  1 99 81 38 63 50 73 86 30 55 29 62 26  9 24 80 14  1 92 57 93 84 21 15 83 18  9  8 23 36 11 100 37  4 61 78 59  6 33 36 47 97 76  2 69 10 64 96 39 46 71  4  8 81 58 24 54 92 84 74 64  4 49 59 28 65 87 66 39 58 
17 54 92 34 73 32 42 92 91 94 91 48 85 77 83 71 44 73 27 83 28 66 45 39 74  0 91 98 70 47 46 54 53 20 13 75 84 63 32 90 76 84 75 43 12 30 98 53 64 52 30 13 60 13 47  2 81 72 81 98 67 77 79 25 41 35 13 28 12 87 79 38 60 51 85 33 13  6 27 14 63 65  7 63 71 50 83 98 93 86 93 50 49 78 45 51 100 24 14 11 
66 95 50 77 26 30 77  3 41 89 71 41 13 93 92 45 77 45 59 42 48 82 61 66 18 91  0  2 64  7 97 71 37  4  1 81 34 65 73 93 84 59 64 98  4 47 58 92 57  6 14 78  9 25 88 38 95 19 99 68 68  4 53 55  1 43 42 79  9 78 62 33 54 40 47 73 88 61 76 89 86 86 48  2 77 32 82 53  5 86 45 54 38 69 21 12 78 40 12 27 
 8 21 86 19 78  7 18 46 18 44 43 71 97 94  9 45 10 73 11 12 45 80 58 15 17 98  2  0 53 66 10 40 45 18 29 45 38 39 95 36 35 54 64 83  3 60 96 68 44 41 56 21 94 85 61 44 91 39 95 91 89 21 98 59 86 12 15 91 79  8 92  8 58 44 73 18 74 94 13 42 74 87 73 56 31 14 11 40 23 37 58 18 87 50 42 67 19 55 85 23 
25 88  7 75 24 14 43 66 10  1 42 51  6 56 50 43 37 26  7 99 80 13  3 32 98 70 64 53  0 55 64 52 52 89 78 25  9  4 11 71  6 79  2 14 44 55 14 92 67 97 83 98 78 65 41 68 42 43 90 37 86 10  7 85 76 83 29 19 77 44 33 92 41 35 24 69 82 36 33 39 95 12 36 23 10 95 72 45 65 94 23 69 90 44 28 29 69  5 74 97 
15 28 76 34 97 91 57 86 72  2 15 21 90 45 97 65 64 42 65 78 56 18  2 75 42 47  7 66 55  0 67 63 51 78 23 89 100 23 88 12 78 33 23 49 67 25 94 55 21 81 49 82 89 65 76 19 66 10  3 65 34 98 39 70 92 75 97 51 53 91 13 78 47 81 72 47 64 57 13 35 51 71  2 49 13 29 40 41 42 76 49 62 52 80  5 21 56 97 10 53 
89 24 80 100 57 10 100 50 43 46 34 29 61 43 10 70 70 65 16 22  4 91 99  9  1 46 97 10 64 67  0 76 30 34 32 17 66 24 28 56 16 22 77 69  6 17 19 66 50  1 17 77 53 62 15 92  7 42 84 20 22 66 74 13 20 46 61 46 16 17  1 80 80 17 18 92  2 66  2 48 11 26 84 14  1 62 62 51 36 56 71 69  1 90 87 35  9 79 25 87 
82 67 10 49 63 76 34 16 23 80 11  6 11 51 74  8  4 93 17 10 85 86 96 51 99 54 71 40 52 63 76  0 94 27 11 70 41 94 55 20 71 58 39 32 36 23 76 50 64 18 75 74 29 72  4 31 32 17 65 75 24 76 16 38  2  3  3 12 18 25 61 13 11 56 56 35 18 89 81 67 77 11 44 14 42 20 17 60 85 66 40 79 53 55 99 64 58 70 81 71 
86 30 90 91 27 20 81  4 63  7  7 20 58 68 47 13 44 52 85 56 43 38 65 16 81 53 37 45 52 51 30 94  0 87 38 33 73 15 34 60 100 54 58 21 18 95 86 95 97 39 70 48 26 71 92 81 13 37 11 70 10 77 82 45 29 55 75 38 67 58 12 45 21 77 23 93 82 82 46 62 22 90 21  5 91 45 53 58 59 31 78 34 69 21 84 73 99 59 17 70 
17 59 24  9 89 45 87 56 13  2 94 51 54 96 23 49 36 40 79 47 95 10 89 43 38 20  4 18 89 78 34 27 87  0 43 63 43  1  7 71 59 100 33 11 88 96 44 20 65 98 36 86 65 70 22  3 88 47 62 61 91 20 73 39 26  2 96 50  9 80 71 69  1 67 12 100 82 99 46 50 48  2 96 77 82 15 39 44 48 45  2 25  3 17  2 17 83 39 96 90 
81 35 82  3 20 28  3 25 73 31 60 100 84 57 49 65 26 67 67 57 53 74 89 95 63 13  1 29 78 23 32 11 38 43  0 29 78 68 45 79 81 37 66 99 71  3 43 45 51 23  9 59 10 83 76 21 57 75 39 84 80 42 58 31 62 64 14 13 77 96 13  3 73 46 14 15 45 15 32 75 45 40 40 48 91 18 76 49 86 87 43 96 72 13 37 60 70 89 49 43 
 2 47 41  4 78  1 76 35 40  5 28  6 99 83 64 34 78 97 76 89 63 77 74 49 50 75 81 45 25 89 17 70 33 63 29  0 77 10  5 68 91 72 13 33 90  7 18 26 79  7 70 46 61  3 79 70 40 39 68 64 61 70 86 34 55 50 56 63 18 25 86 10 24 10 68 61  5  5 67 96  6 21 56 92 82 20 91 41 27 100 50 95 17 86 77 63 80 63 95 38 
 4 22  7 23 82 26 99 99 26 14 24 58 15 43 95 49 51 25 80 50 58 48 49 59 73 84 34 38  9 100 66 41 73 43 78 77  0 58 26 68 42 18 25 39 73 81 49 32 49 75 99 64 61 70 47 43 85 36 76 78 75 24 21 52 71 89 44 11 64 72 71 79 94 38 56 68 81  4 85 53 29 45  1 51 16 51 60 61 48  8 61 74 84 97 23 87 87 94 19 22 
51 61 60 92  1 20 24 77 40 100  9 74 78 44 95  5 83 48 12 96 79 12 47 83 86 63 65 39  4 23 24 94 15  1 68 10 58  0 68 88  6 23 38 29 93 75 14 40 66 81  9 45 11  1 93 71 43 48 47 33 98 91 20 52 30 82 11 11  8 65 80 34 37 16 37 92 86 71 74 33 21 83 91 13 49 62 24 57 25 70 74 63 66 37  5 87 29 32 82 15 
47 62 58 15 32 27 35 84 97  7 59 16 35 34 52 31 49 33 51 75 10 98 43 79 30 32 73 95 11 88 28 55 34  7 45  5 26 68  0 84 49  5 22 33 98 67 62 59 78 57 72  2 25 43 17 85 26 21 86 89 65 85  4 62 74 23 13 66  9 94 15  6 15 49 64 65 24  7 25 91 29 86  8 16 40 66  8 17 90 29 18 62 25 95 34 39  1 76 96 93 
70 59 69 51 14 42 10 13 49 70 65 73 47 33  7 27 52 84  1 65 66 98 71 83 55 90 93 36 71 12 56 20 60 71 79 68 68 88 84  0 52 97 49 21 88  5 30 28 70 69  5 55 76 21 33  2 89 48 90  6 60 52 57 91 81  3 96 97 70 33 47 94 13 47 47 84 16 92 28  7 83 72 22 74 96 30 22 99 27 72 47 80 98 44 62  7 94 93 96 94 
64 34 18 94 40 96 100 35 13  8 99 22 84 13 37 44  5 77 29 23 64 76 97 31 29 76 84 35  6 78 16 71 100 59 81 91 42  6 49 52  0 24 37 23 39 98 52 30 91 46 21 95 73 18  2 81 88 33 70 27 17 98 69 30 60 27 31 49 14 83 14 75  2 60 67 86 52 32 66 99 32 18 99 91 99 54 66 41 72  2 93 44 78 20 44 64 89 94 75 44 
25 99 73  3 45  9 84  8 61 96 25 35 80 72 49 72 63 36 14 89 96 19 65 18 62 84 59 54 79 33 22 58 54 100 37 72 18 23  5 97 24  0 37 56 11 86 50 29 74 23 95 73 94 69 91 21 35 99 71 68 30 47 78  3 35 43 49 29 13 96 45 36 85 69 28 76 99 46 13 73 71 28 78 22 59 70 52 35 96 86  8 15 60 18 18 22  2 89 78 91 
21 36 63 77 59 10 88 92 14 81 13 53 28 32 23 32 25 80 86 18 92 25 86 65 26 75 64 64  2 23 77 39 58 33 66 13 25 38 22 49 37 37  0 25 89 47 44 42  1 81 30 61 67 59 39 86 55 96 15 37 73 83 74 83 94 62 37 11 29 16 39 61 16 18 99 21 48 11 60 20 58  7 34 94 30 45 94 80 49 88 70 99 11 36 13 91 52 31 88 48 
96 16 86 51 10 11 96 83 81 82 11 67 78 28  1 34 57 97 17 64 96 26 69 22  9 43 98 83 14 49 69 32 21 11 99 33 39 29 33 21 23 56 25  0 55 53 25 39 19  8 43 19 67  6  5  4 70 94 21 17  4  7 12 60 20 54 25  2 50 17 64 84 17 35 12 47 92 20 33 37 87 23 17 13 45 10 72 30 14 45 88 32  3 76 70 11 41 35 59 78 
66 15 75  9 92 42 85 56 54 39  2 44 95 59 84 73 17 62 83 65 21 55 91 16 24 12  4  3 44 67  6 36 18 88 71 90 73 93 98 88 39 11 89 55  0 18 37  3 99 81 13 49 57 85 53 45 57 67 74  9  1 39 73 96 98 89 27 85 24 26 18 57 98 50 31 43  8 54 84 61 19 81 75 38 86 42 41 46 66 39 91 57 25 18 12 24  8 52  3 28 
98 75 99 28 42 50 26 13 74 65 31 97 84 54 85 51 92 46 99 90 78 87 50 16 80 30 47 60 55 25 17 23 95 96  3  7 81 75 67  5 98 86 47 53 18  0 55 22 74  5 46 58 73 94 31 16 41 65 32 29 77 85 42 38 86  7 59 99 59 75 50 14 11 79 72 30 60 61 83  2 74 18  9 62 55 66 92 75 68 50 67 85 38 83 73 44 28 74 73 45 
64  6  9 55 37 46  5 71 53 11 19 80 96 94 64 90 12 75  6 23 42 62 31 10 14 98 58 96 14 94 19 76 86 44 43 18 49 14 62 30 52 50 44 25 37 55  0  8 71 21 39 72 75 55 46 87  4 23 99 89  3 31 16  2 46 86 56 42 67 64 10 16 26 24 64 73 53  7 82 42 72 58 78 99 92 50  4 80  6 37 39  4 49 31  5 26 39 91  8  4 
57 13 86 51 78 91 37 68 53 32 12 85 12 86 17 25 41 60 40 80 36 16 19 47  1 53 92 68 92 55 66 50 95 20 45 26 32 40 59 28 30 29 42 39  3 22  8  0 92 71 44  6 17 58 15 51  1 51 90 85 62 64 19 29 82 51 71 65 56 40 64 50 58 70 86 14 38 96 96  8 29 98 10 69 99 29 46 27 40 40 64 77 90 13  6 84 94 89 88 60 
84  8 58 74 12  8  8 53 94 78 38  5 50 76 74 21 98 48 58 56 57 37  4 90 92 64 57 44 67 21 50 64 97 65 51 79 49 66 78 70 91 74  1 19 99 74 71 92  0 33 17 40 22 55 85 53 22  3 34 57  2 17 98 18 96 52 89 12 22  7 72 91 65 61 77 64 66  7 44 82 34 75 68 52 52 97 20 70 100 56 10 34 52 30  2 75 33 81 95  5 
14 29  3 71 100 28 17 92 27 53 29 95 30 80 82 88 42 66 65 36  6 59 70 54 57 52  6 41 97 81  1 18 39 98 23  7 75 81 57 69 46 23 81  8 81  5 21 71 33  0 51 87 87 46 53 90 31 97 23  9 49 81 94 93 31 68  3  5 58 12 26 92  2 78 70 60 84 21 48 96 97  9 41 76 94 52 99 44 58 55 77 76 41  6 72 61  1 72 62 83 
 7 80 52 99 88 73 12 80 39 55 83 39 93 59 42 58 72 58 68 29 39 18 73  9 93 30 14 56 83 49 17 75 70 36  9 70 99  9 72  5 21 95 30 43 13 46 39 44 17 51  0 20 13 45 47 51 45 77  1 93 35 89 69 51  6 88 32 96 73 89  6 65 37 12 39 19 52 36 83 39  1 41 46 25 24  8 67 50 50 25  9 65 21 32 83 48 17 87 83 32 
32 50  6 53 62 34 35 88 81 74 34 78 59 81 85  8 20 92 33 47  4 65  2 33 84 13 78 21 98 82 77 74 48 86 59 46 64 45  2 55 95 73 61 19 49 58 72  6 40 87 20  0 35 17 54 91 39 52 46 81 97  3 35 95 16 72  1 18 21 98 20 41 56 13 70 55 76 38 95 73 73 71 75  4 52 35 23 18 41 100  5 95 68 30 41 19 20 16 16 31 
76 28  5 91 94 90 98 12 99 23 85 45 92 54 58 62 43 33 82 78  7 84 58 57 21 60  9 94 78 89 53 29 26 65 10 61 61 11 25 76 73 94 67 67 57 73 75 17 22 87 13 35  0 72 95 97 39 51 49 99 41 42 64 18 45 70 83 70 12 44 60 72 80 81 22 13 46 26 82  1  7 55 15 22 13  8 91 26 17  1 81 15  4 59 36 10 57 53 45 66 
59 22 66 77 70 72 55 82 58 21 55 83 74 100 11 95 69 29 58 30 51 50 61 100 15 13 25 85 65 65 62 72 71 70 83  3 70  1 43 21 18 69 59  6 85 94 55 58 55 46 45 17 72  0 75 85 43 30 49 76 34 68 61 82 48 20  9 99 47 28 98 40 82 88 27 97 66 38 24 89  6 84 24 83 82 31 28 89 90 89 54 72 38 99 73 89  2  1 50 64 
61 83 24 21 71 41 100 49 70 94 89 40 65 18 100 13 79 95 83 38 45 26  8 71 83 47 88 61 41 76 15  4 92 22 76 79 47 93 17 33  2 91 39  5 53 31 46 15 85 53 47 54 95 75  0 33 34 22 15 20 70 53 82 71 48 54  3 15 80  1 68 52 80 58 38 26 89 88 79 34 55 25 20 44 89 28 62 19 38 20 55 79 38 60 99 48 61 68 91 13 
63  4 43 52 14 72 19 37 21 45 82  9  6  5 52 33 52 15 29 79 18 45 78 44 18  2 38 44 68 19 92 31 81  3 21 70 43 71 85  2 81 21 86  4 45 16 87 51 53 90 51 91 97 85 33  0 91 37 45 26 14 34 30 84 29 52 32 49 79 62 56  8 40 100 64 50 62 60 16 98 37 92  9 56  4 22 73 66 91 79 20 66 98 41 100  1 94 38 95 31 
 5 83 49 77 72 18 80 21 45 52 60 13 51 26 64 85  6 46 91  7 100 37 54 36  9 81 95 91 42 66  7 32 13 88 57 40 85 43 26 89 88 35 55 70 57 41  4  1 22 31 45 39 39 43 34 91  0 76 61 48 19 17 57 35 25 45 14 25 81 78 93 14 19 92 13 53 44 40 85 40 98 45 82 90 19 68 97 34 15 46  2 49 89 82 46 28 28 45 31 32 
20 38 10  3 20 24 27 83 25 39 71 16 69 38 41 39 54 95 48 64 27 15  2 52  8 72 19 39 43 10 42 17 37 47 75 39 36 48 21 48 33 99 96 94 67 65 23 51  3 97 77 52 51 30 22 37 76  0 58 69 29 50 43 24 32 33 14 93 24 13 61 61  6 62 96 13 17 36 21 79 44 11 19 14 81 81 36 92 85  3 98 97 98 26 73 93 45 90 74  5 
73 98 19 37 70 58 85 86 47 24 94 84 71 53 64 49 29 28 36 33 49 46 63 81 23 81 99 95 90  3 84 65 11 62 39 68 76 47 86 90 70 71 15 21 74 32 99 90 34 23  1 46 49 49 15 45 61 58  0 95 64 27 16 28 66 90  1 41 15 45 16 17 34 47 95 36 89 87 98 90 54 92 70 87 64 14 25 96 68 11 36 54  7 49 75 65  1 64 59 14 
49 91 45 84 88 97 39 39 24 60  2 92 22 79 42 47 74 78  6 43 63 87 79 67 36 98 68 91 37 65 20 75 70 61 84 64 78 33 89  6 27 68 37 17  9 29 89 85 57  9 93 81 99 76 20 26 48 69 95  0 25 55 53 47 66 55 31  5 32 89 90 95 85 72 28 51 75 59 15 55 79 13 33 58 26 86 69 52 36 90  7  4  9 74 71 11 27 30 92 77 
50 25 29 57 19 46 89 25 47 63 10 87 55 33 84 39 40 30 12 77 73 64 15 38 11 67 68 89 86 34 22 24 10 91 80 61 75 98 65 60 17 30 73  4  1 77  3 62  2 49 35 97 41 34 70 14 19 29 64 25  0 73  9  3 29 94 94 67  9 91 10 35 64  8 18 47 51 77 15 28 66 21 63 61 59 68 37 79 10  4 42 86 27 84 51 19 65 77  8 48 
72 53 20 35 71 40 93 27 16 69 81 54 91 92 90  4 60 49 49 45 59 67 10 100 100 77  4 21 10 98 66 76 77 20 42 70 24 91 85 52 98 47 83  7 39 85 31 64 17 81 89  3 42 68 53 34 17 50 27 55 73  0 77 12 87 26 95 64 84 84 13 20 25 42 60 89 79 88  4 28 38 26 75 40 15 35 66 19 47 23  3 98 87 71 92 23 10 86 27 18 
13 58 76 60 55 12 86 86 72 13 49 34 53 76  8 55 12 84 53 12 67 29 12 66 37 79 53 98  7 39 74 16 82 73 58 86 21 20  4 57 69 78 74 12 73 42 16 19 98 94 69 35 64 61 82 30 57 43 16 53  9 77  0  4 43 31 57 78 80 94 46 21 88 14 20 42 81 27 48  3  4 43 12 91 42  7 36 10 19 73 19  4 67 71 83 53 10  2 36 29 
35 68 21 11 38 67 94 54 81 39 59 56 34 41 25 69 60 38 73 58 68 90 70 17  4 25 55 59 85 70 13 38 45 39 31 34 52 52 62 91 30  3 83 60 96 38  2 29 18 93 51 95 18 82 71 84 35 24 28 47  3 12  4  0 37 73 79 32 63 56 42 64 42 87 69  3 39 49 10 82 49 96 40  2 66 42 91 40 36  4 31 45 99 86 45 83 22 17 99 42 
22 56 93 57 41 28 54 45 66 74 94 100 95 95 29 54 68 91  5 74 97 30 13 74 61 41  1 86 76 92 20  2 29 26 62 55 71 30 74 81 60 35 94 20 98 86 46 82 96 31  6 16 45 48 48 29 25 32 66 66 29 87 43 37  0 39 45 83 37 61 17 50  3 68 31  6 28 75 43 97 17 69 12 71 60 65 51 61 25 14 98 21 22 56 53 30 54 96 46 98 
54 16 96 34 83 96 73 83 66 89 22 65 35 82 16  6 81 81 92 71 29 76 82 24 78 35 43 12 83 75 46  3 55  2 64 50 89 82 23  3 27 43 62 54 89  7 86 51 52 68 88 72 70 20 54 52 45 33 90 55 94 26 31 73 39  0 95 100 21 75 43 28 39 68 15 76 95 43 23 38 30 94 48 81 33 54 77 88 34 33  1  7 68  1 62 66 40 94  6 12 
79 14 74 97  9 73 10 54 74 54 71 37 65 73 10 10  1 66  5 27 69 66 72 25 59 13 42 15 29 97 61  3 75 96 14 56 44 11 13 96 31 49 37 25 27 59 56 71 89  3 32  1 83  9  3 32 14 14  1 31 94 95 57 79 45 95  0 72  3 65 13 73 58 99 78  4  4 79  8 22 31 76 26 90 37 56 17 19 95 85 44 91 45 75 28 24 86 38 68 59 
69 98 12 92 96 79 99 73 82 91 85 56 90 93 92 54 11 14 80 58  4 95  9 67  6 28 79 91 19 51 46 12 38 50 13 63 11 11 66 97 49 29 11  2 85 99 42 65 12  5 96 18 70 99 15 49 25 93 41  5 67 64 78 32 83 100 72  0 13 34 70 33  5 73 59 91 51 66 67 53 90 66 71 80 93 89 74 72 75 76 27 76 70 65 35 45 49 66 67 61 
 4 58 46  8 24 94 27  5 45 84 54 54 71 50 49 74 25 18 45 53 12 39  2 92 33 12  9 79 77 53 16 18 67  9 77 18 64  8  9 70 14 13 29 50 24 59 67 56 22 58 73 21 12 47 80 79 81 24 15 32  9 84 80 63 37 21  3 13  0 11 33 19 40  1 98 43 99 48 31 87 40 62 67 68 23 45 49 21 39 90 52 58  5 70 30 72 88 62 94  3 
31 52  4 33 94 70 29 63 37 55 10 12 38 17 89 87 25 48 14 79 38 31  2  2 36 87 78  8 44 91 17 25 58 80 96 25 72 65 94 33 83 96 16 17 26 75 64 40  7 12 89 98 44 28  1 62 78 13 45 89 91 84 94 56 61 75 65 34 11  0 81 83 48 38 41 22  3 15 36  4 96 64  2 30 45 28  8 41 23 43 58 47 59 67  3 34  3 34 18 10 
27 53 100 82 67 36 37 96 50 46 35 83  7 22 58 14 31 49 100 93 89 59 62 70 47 79 62 92 33 13  1 61 12 71 13 86 71 80 15 47 14 45 39 64 18 50 10 64 72 26  6 20 60 98 68 56 93 61 16 90 10 13 46 42 17 43 13 70 33 81  0  4 63 46 26  8 80 80 88 92 74 85 88 58 38 27  1 82 12 35 24 44 61 57 66 53 13 18 38 38 
 9 21 54 61 28  8 27 12 70 97 56 11 25 98 10 33 20 87 67 13 19 41 47 66 97 38 33  8 92 78 80 13 45 69  3 10 79 34  6 94 75 36 61 84 57 14 16 50 91 92 65 41 72 40 52  8 14 61 17 95 35 20 21 64 50 28 73 33 19 83  4  0 91  9  9 100 22 61 24 46 85  7 11 18 17 83 17 72 90 10 91 65 87  2 37 26 38 20 28 39 
26 85 35 34 84 18 80 79 26  7 79 31 50 90 64 23 60  4 34 53  1 85 21 34 76 60 54 58 41 47 80 11 21  1 73 24 94 37 15 13  2 85 16 17 98 11 26 58 65  2 37 56 80 82 80 40 19  6 34 85 64 25 88 42  3 39 58  5 40 48 63 91  0 11 20  5 51 61 19 84 57 68 94 52 99 29 65 75 83 79 100 11 41 62 92 20 92 99 29 37 
78 53 18 39 10 56  6 69 69 24 72 84 58 91 49 85 32 90 55 42 35 85 63 41  2 51 40 44 35 81 17 56 77 67 46 10 38 16 49 47 60 69 18 35 50 79 24 70 61 78 12 13 81 88 58 100 92 62 47 72  8 42 14 87 68 68 99 73  1 38 46  9 11  0  2  3 77 14 49 46 35 23 69 97 94 68 67 95  2 97 20 69 60 50  3 84 68 42 26 52 
69  9  3  3  7 92 46 44 72  7 21 10 36  3 28  3  5 84 48 21 62 39 34 86 69 85 47 73 24 72 18 56 23 12 14 68 56 37 64 47 67 28 99 12 31 72 64 86 77 70 39 70 22 27 38 64 13 96 95 28 18 60 20 69 31 15 78 59 98 41 26  9 20  2  0  9  4 83 46 25 84 24 91 19 41 18 90 99 24 77 35 50 88 29 50 29 97  5 82 82 
24 45 64 27 53 32 79 70 97 19 38 85 26 55 46 94 72 87 86 67 93 68 90 31 10 33 73 18 69 47 92 35 93 100 15 61 68 92 65 84 86 76 21 47 43 30 73 14 64 60 19 55 13 97 26 50 53 13 36 51 47 89 42  3  6 76  4 91 43 22  8 100  5  3  9  0 41 12 54 91 19 30 36 96 94  6 91 86 63 40 74 83  9 99 40 90 17 90 90 63 
13 88  8 92  9 29 31 40 60 67 95 78 85 41 64 90 23 34  1 28 65 64 29  2 64 13 88 74 82 64  2 18 82 82 45  5 81 86 24 16 52 99 48 92  8 60 53 38 66 84 52 76 46 66 89 62 44 17 89 75 51 79 81 39 28 95  4 51 99  3 80 22 51 77  4 41  0 35 21  6 25 14 68 91 28 31 77 55 82 70 21 94 94 78 16 69 69 32 98 65 
50  4  1 83 22 43 65 89 33 78 42 46 28 85  6 23 74  6 65 51 85 33 98 13 96  6 61 94 36 57 66 89 82 99 15  5  4 71  7 92 32 46 11 20 54 61  7 96  7 21 36 38 26 38 88 60 40 36 87 59 77 88 27 49 75 43 79 66 48 15 80 61 61 14 83 12 35  0 64 61 61 87 44 93 70 30  8  3 83 11 12 94 74 65 21 73 48 53 65 74 
82  4 16 75 59  2 10 71 75 23 25 74  7 26 45 78 11 56 39 72 50 96 82 86 39 27 76 13 33 13  2 81 46 46 32 67 85 74 25 28 66 13 60 33 84 83 82 96 44 48 83 95 82 24 79 16 85 21 98 15 15  4 48 10 43 23  8 67 31 36 88 24 19 49 46 54 21 64  0 34 14 17 28 27 37 39 58 99 12 57 80 51 67 80 34  8 34 16 31 59 
49 71 98 77 28 96 57 12 62 12 28  6 20 84 76 52 37 76 65 12 34 19 17 93 46 14 89 42 39 35 48 67 62 50 75 96 53 33 91  7 99 73 20 37 61  2 42  8 82 96 39 73  1 89 34 98 40 79 90 55 28 28  3 82 97 38 22 53 87  4 92 46 84 46 25 91  6 61 34  0 45 41 16 64 60 93 90  5 23  5 56 30 47 53 34 16  1  1 63 98 
 6 94 52 35 21 48 28  3 55  5 36  8 21 79 88 30 82 99 21 82 95 14 40 18 71 63 86 74 95 51 11 77 22 48 45  6 29 21 29 83 32 71 58 87 19 74 72 29 34 97  1 73  7  6 55 37 98 44 54 79 66 38  4 49 17 30 31 90 40 96 74 85 57 35 84 19 25 61 14 45  0 78 98 95 76 93 73 73 65 74 33 48 13 75 83 97 14 100 39 52 
37 86 90 73 71 92 93 74  5  7 27 52 94 21 72 77 60 47 20 76 57 26 75 35  4 65 86 87 12 71 26 11 90  2 40 21 45 83 86 72 18 28  7 23 81 18 58 98 75  9 41 71 55 84 25 92 45 11 92 13 21 26 43 96 69 94 76 66 62 64 85  7 68 23 24 30 14 87 17 41 78  0 59 47 92 34 49 51 58  7 15 88 40 27 91 60 24 12 100 44 
95 89 84 88 17  8 73 16 100 17 51 29 35 70 11  5 85 19 88 100 31 22 65 31  8  7 48 73 36  2 84 44 21 96 40 56  1 91  8 22 99 78 34 17 75  9 78 10 68 41 46 75 15 24 20  9 82 19 70 33 63 75 12 40 12 48 26 71 67  2 88 11 94 69 91 36 68 44 28 16 98 59  0 41 56 18 39 47 67  2 62  4 29 80 73 78 56 89 51  1 
87 75 12  3 21 54  6 46 80 68 14 71 21 37 50 86 65 69 50 47 91 68 78 64 81 63  2 56 23 49 14 14  5 77 48 92 51 13 16 74 91 22 94 13 38 62 99 69 52 76 25  4 22 83 44 56 90 14 87 58 61 40 91  2 71 81 90 80 68 30 58 18 52 97 19 96 91 93 27 64 95 47 41  0 81 47 31 23  9 53 65 70 53 96 50 35 48 40 79 52 
61 53 48 51 75 37 82  2 78 57 24  3 59 59  8  5 48  3 42 86 61 47 52  7 58 71 77 31 10 13  1 42 91 82 91 82 16 49 40 96 99 59 30 45 86 55 92 99 52 94 24 52 13 82 89  4 19 81 64 26 59 15 42 66 60 33 37 93 23 45 38 17 99 94 41 94 28 70 37 60 76 92 56 81  0 68 78 22 27 75 72 47 64 40 28 20 54 67 21 64 
98  6 72 71  9 76 90 42 62 70 48  2 76 90 77 76 95 73 51 59 35 52 75 43 24 50 32 14 95 29 62 20 45 15 18 20 51 62 66 30 54 70 45 10 42 66 50 29 97 52  8 35  8 31 28 22 68 81 14 86 68 35  7 42 65 54 56 89 45 28 27 83 29 68 18  6 31 30 39 93 93 34 18 47 68  0 22 84 30  1  5 81 45  6 46 90  3 73 95 64 
81 81 43 80 26 53 33 83 55 51 75 39 94 80 14 94 23 33 79 16  9 22  8 91 54 83 82 11 72 40 62 17 53 39 76 91 60 24  8 22 66 52 94 72 41 92  4 46 20 99 67 23 91 28 62 73 97 36 25 69 37 66 36 91 51 77 17 74 49  8  1 17 65 67 90 91 77  8 58 90 73 49 39 31 78 22  0 19 97 11  5 71 31 59 22 74 71 74 82 26 
32  7  3 95 36 94 73 40 56  4 100 53 53 45 94 86 88 43 55 97 42 62 34 94 92 98 53 40 45 41 51 60 58 44 49 41 61 57 17 99 41 35 80 30 46 75 80 27 70 44 50 18 26 89 19 66 34 92 96 52 79 19 10 40 61 88 19 72 21 41 82 72 75 95 99 86 55  3 99  5 73 51 47 23 22 84 19  0 78 22 27 48 41 28 98 64 75 91 72 93 
80 66 25 72 84 91 99 81 87 10 94 66 40 56  3 52 33 87 74 50  9 18 18 32 84 93  5 23 65 42 36 85 59 48 86 27 48 25 90 27 72 96 49 14 66 68  6 40 100 58 50 41 17 90 38 91 15 85 68 36 10 47 19 36 25 34 95 75 39 23 12 90 83  2 24 63 82 83 12 23 65 58 67  9 27 30 97 78  0 85 69 28 54 24 68 16 54 44 60  9 
48  7 93 89 96 43 18 20 28 91 32 80 63 59  1 42 12 39 19  5 29 83 43  3 74 86 86 37 94 76 56 66 31 45 87 100  8 70 29 72  2 86 88 45 39 50 37 40 56 55 25 100  1 89 20 79 46  3 11 90  4 23 73  4 14 33 85 76 90 43 35 10 79 97 77 40 70 11 57  5 74  7  2 53 75  1 11 22 85  0 79 47 57 42 18 44 59 62 46 25 
17 23 40 39 14 62 49  6 70 53  6 10 27  6 56 15 86 57 17  9 89 29 36 46 64 93 45 58 23 49 71 40 78  2 43 50 61 74 18 47 93  8 70 88 91 67 39 64 10 77  9  5 81 54 55 20  2 98 36  7 42  3 19 31 98  1 44 27 52 58 24 91 100 20 35 74 21 12 80 56 33 15 62 65 72  5  5 27 69 79  0 79 15 16 18 53 46 32 10 26 
76 22 11 81 41 24 97 34 100 66 19 29  7 46  2  9 47  8  2 64  4 100 76 36  4 50 54 18 69 62 69 79 34 25 96 95 74 63 62 80 44 15 99 32 57 85  4 77 34 76 65 95 15 72 79 66 49 97 54  4 86 98  4 45 21  7 91 76 58 47 44 65 11 69 50 83 94 94 51 30 48 88  4 70 47 81 71 48 28 47 79  0 57  7 73 74 31 16 70 21 
36 20 43 53 47 26 46 77 79 16 26 14 41 72 38 90 42 44 15 24 59 28 80 31 49 49 38 87 90 52  1 53 69  3 72 17 84 66 25 98 78 60 11  3 25 38 49 90 52 41 21 68  4 38 38 98 89 98  7  9 27 87 67 99 22 68 45 70  5 59 61 87 41 60 88  9 94 74 67 47 13 40 29 53 64 45 31 41 54 57 15 57  0 34 53 43 43  1 67 19 
16 48 76 29 55 95 38 14 91 45 33 93 34 56  5 97 97  4 77  7 72 93 26 67 59 78 69 50 44 80 90 55 21 17 13 86 97 37 95 44 20 18 36 76 18 83 31 13 30  6 32 30 59 99 60 41 82 26 49 74 84 71 71 86 56  1 75 65 70 67 57  2 62 50 29 99 78 65 80 53 75 27 80 96 40  6 59 28 24 42 16  7 34  0 67 91  6 72 55 74 
34 23 58 31 47 52 57 30 19 27 21 93 15 60 29 63 73 78 84 46 47 57 76 100 28 45 21 42 28  5 87 99 84  2 37 77 23  5 34 62 44 18 13 70 12 73  5  6  2 72 83 41 36 73 99 100 46 73 75 71 51 92 83 45 53 62 28 35 30  3 66 37 92  3 50 40 16 21 34 34 83 91 73 50 28 46 22 98 68 18 18 73 53 67  0 97 74 38 73 78 
22 73 89 86 57 15 20 41 74 92 71 35 56 39 74 58  7 29 34 37 13 65 96 97 65 51 12 67 29 21 35 64 73 17 60 63 87 87 39  7 64 22 91 11 24 44 26 84 75 61 48 19 10 89 48  1 28 93 65 11 19 23 53 83 30 66 24 45 72 34 53 26 20 84 29 90 69 73  8 16 97 60 78 35 20 90 74 64 16 44 53 74 43 91 97  0 20 11 14 54 
25 53 24 77 47 58  5 93 98  4 25 39 88 33  7 23 76 98 87 27 51 28 37 16 87 100 78 19 69 56  9 58 99 83 70 80 87 29  1 94 89  2 52 41  8 28 39 94 33  1 17 20 57  2 61 94 28 45  1 27 65 10 10 22 54 40 86 49 88  3 13 38 92 68 97 17 69 48 34  1 14 24 56 48 54  3 71 75 54 59 46 31 43  6 74 20  0 15 71 33 
86 98  9 11 51  9 65 70 18 90 63 86 27  5 57 89 66  7 77 66 79 33 66 90 66 24 40 55  5 97 79 70 59 39 89 63 94 32 76 93 94 89 31 35 52 74 91 89 81 72 87 16 53  1 68 38 45 90 64 30 77 86  2 17 96 94 38 66 62 34 18 20 99 42  5 90 32 53 16  1 100 12 89 40 67 73 74 91 44 62 32 16  1 72 38 11 15  0  1 31 
19 74 97 41 46 26 42 30 87 33 39 66 37 14 23 40 77 61 77 31 83 86 87 31 39 14 12 85 74 10 25 81 17 96 49 95 19 82 96 96 75 78 88 59  3 73  8 88 95 62 83 16 45 50 91 95 31 74 59 92  8 27 36 99 46  6 68 67 94 18 38 28 29 26 82 90 98 65 31 63 39 100 51 79 21 95 82 72 60 46 10 70 67 55 73 14 71  1  0 48 
57 88 93  3  8 34 87 36  6 98 68 60 53 39 47 100 40 45 22 23 20  5 48  2 58 11 27 23 97 53 87 71 70 90 43 38 22 15 93 94 44 91 48 78 28 45  4 60  5 83 32 31 66 64 13 31 32  5 14 77 48 18 29 42 98 12 59 61  3 10 38 39 37 52 82 63 65 74 59 98 52 44  1 52 64 64 26 93  9 25 26 21 19 74 78 54 33 31 48  0 

 0 62 94 64 66 57 34 89 66 86 76 37 43 71 43 83 83 20 62 34 26 54 65 94 87  2 25 95 29 34  2 86 64 29 13  2 15 63 38 38 24 35 13 91 39 13 91 97 52 55 32 51 34 65 75 32 99 44  5 34 37 48 31 48 60 47 96 29 20 49 53  9 100 74 37 45 76 15 59 100 98 59 76 28 70 94  5 60 14 63 60 29  6 40 54 40 22 71 18 45 
62  0 71 93 61 19 30 89 10 28 33  9 40 73 46 86 22 98  9 22 39 30 58 15 39 70 93 57  3 82  9 48 34 95 79 69 12 29 78 56 77 100 21 81 56 82 16 91  6 77 29 58  7 80 98 84 31  8 28 95 80  8 49 65 47 10 17 11 11  8 18 33  1 41 31 16 82 94  1 65 74 56 61 49 88 74 25 57 41 40 17 99 55 37 74 34 59 91  6 46 
94 71  0 48 45 30  5 50 26 50  5 51 54 53  8 42 72 56 70  6  6 71 61 32 30 16 13 11 49 23 66 94 41 10 58 36  7 99 83 49  7 64 52 47 17 28 57 49 85 69 52 15 40 76 33 56 14 55  3 99 24 91 43 88 72 60 80 94 80 79 36 99 59 70 12 78 41  9 29 95 100 89 27 38 71 58 40  9 90 30 15 17 69 14 95 47 20 67  3 29 
64 93 48  0 15 81 23 60 68 63 83 66 56 14 75 88 68 76 85 10 93  3 34  5 19 46 99 13 85  7 29 74 87 31 17  1 10 83 20 38  8  2 52 39 26 99 42 16 69 13  6 36 44 34 45 75 85 12 17 27 89 38 30 28 41 11 57 31 18 43 14 45 88 42 19 18 47 59 42 32 66 52 23 56 47 90 57 26 78 84 43 89 77 67 21 17 29 43 69 23 
66 61 45 15  0 48 42 26 53 99 91 70 30 99  7  2 45 85 62 61 61 61 35 39 24 59 77 97 42 95 23 95 80 85 79 15  2 100 94 21 84 38 91 40 16 95 46 53 33 58 76 24 40 93 99  7 18 32 54 30 55 64 44 13 53 69 52 38 45 41 64 49 92 13 84 20 57 56 11 51 55 53 20 44 40 15 80 75 25 25 36 22 97 65 57 14 45 56 42  4 
57 19 30 81 48  0 80 94  5 92 74 74 19 45 39 69 43  2 99 53  7 80 52 48 56 39 11 69 66 10 67 27 73 47 28 57  4 69 20 75 57 28 85 33 48 100  3 45 51 12 11 38 66 47 42 68 29 35 15 36  2 87 26 91  5 75 70 61  6 82 39 66 66 71 54 83 72 44 30 22 75 14 42 38 52 93 20 75 31 85 67 69 80 52 86 60 34 41 45 63 
34 30  5 23 42 80  0 83 26  9 96 38 39 32 71 23 79 29 93 77 38 66 69 40 51 82 43 73 22 75 15 91 60 94 67 54  1 61  1 18 86 43 75  5 25 39  3 93 97 56 85 99 24 75 47 14 30 78 10 29 95 55 80 100 43 44 50  8 35 19 13 90 89 60 54  8 50  6 12 68 66 77 14 49 71 75 94 36 84 34 49 72 66 81 26 81 67 20  7 60 
89 89 50 60 26 94 83  0 81 45 90 29 11  3 84 20 27 83 40  5 14 15 88 48 43 18 12  4 17 48  1  5 18 74 46 14 17 12 11 22 37 69 47 82 42 53 15 17 85 47 84 29 94 87 78 69 32 38  9 58 43 69 95 74 63 89 15 43 71 85 45 75 75 17 22 64 42 28 17 57 70 100 61 10 13 45 67 28  1  6 44 68 53 67 83 85 25 82 61 63 
66 10 26 68 53  5 26 81  0 86 71 26 44 73 36 30 77 49 70 31 39 23 18 59 88 47 53 32 82 81 37 78 17 82 71 88 24 55  7 13  5 93 25 100 31 99 78 25 55 78 16 86 50 76 13 26 64 19 51 74  5 47 44 74 42 79 41 83 57 86  1 40 32  4 61 78 23 60 11 77 88 69 24  8 38 61 80 46 100 40  5 91 49 85 47 31 72 53 72 18 
86 28 50 63 99 92  9 45 86  0 84 10 21 51 17 40  2 15 93 41 74 47 21 53 99 60 85 94 82 72 36 91 31 67 51 61 29 50 35 71  8 95 52 22 28 66 68 73 19 22 93 16 94 83 64 74 88 86 87 15 53 40 38 62 45 69  4 73 25 59 12 91 17 89 51 70 88 94 83 35 81 26 34 62 88 48 98 78 25 16 57 37 59 11 17 39  8 73 90 94 
76 33  5 83 91 74 96 90 71 84  0 28 53 74 42 76 62 80 30 17  8 25 71 29 45 67  4 10 64 96 11 26 56 68  7 20 87 68  5 48 65 95 66 72 55 14 36 37 30 47 97 34 22 74 88 97 38 95 96 50 79 88 74 68 59 67 91 15 83 35 55 98 97 21  1 42 18 20 70 78 35  7 17 85 19 90  9 10 67 24 43 49 16 50 22 69 29 71 29 65 
37  9 51 66 70 74 38 29 26 10 28  0 65 14 27 33 42 21  8 25 84 29 86 64 85 33 69 93 30 44 64 57 47 82 39 27 28 55  5  4 47 83 96 63  9 24 59 91 27 54 64 71 13 25 11 29 47 12 27 53 36 48 21 44 85 80 66 33 57 44 82 91 79 39 19 48 31 98 21 75 55 65 59 35 71 58 47 45 60 10 72 27 11 15 83 66 95 47 32 88 
43 40 54 56 30 19 39 11 44 21 53 65  0  8 47 49 24 46  7 25 56 40 100  3 31 70 77  8 41 87 84 67 37 74 66 27 49 74 94 67 89 77 42 23 60 37 90 27  1 90 59  4 89 61 73 37 98 84 16 43 35 53 76 97 50 30 17 30 58 77 78 69 64 10  4 17 11 65 23 59 14 11 85 28 50 64 50  2  4 93 47 96 92 14 52  2 46 46 75 20 
71 73 53 14 99 45 32  3 73 51 74 14  8  0 62 69 40 49 87 81 76 23 34 80 61 67 84 75 21 60 52 25 19 57 91 76 17 48 49 37 17 69 50 35 85 72 90 82 10 73 63 96 34 71 99 19 72 28 92 84 64 75 33 91 45 97 98 10 14  6 56 66 25 13 36 30 67  1 38 94 38 36 49 89  8  6 35 92 22 62 86  2 63 41 11 70 90 10 58 64 
43 46  8 75  7 39 71 84 36 17 42 27 47 62  0 26 24  6 48 95  5 82 42 95  7 16 40 63 44 62 67 88 13 36 94 70 70 53 91 40 19 11 66 50 11 68 85 38 73  4 57 97 97 51 25 75 25 80 26 15 25 52 21 76 14 87 22 77 78  5 74 64 32 75 94 76 80 83 49 100 66 30 39 66 83 17 11 93 69 88 73 94 75 66 80 61 97 76 53 78 
83 86 42 88  2 69 23 20 30 40 76 33 49 69 26  0 18 54 47 30 41 100 42 94 55 44 54 50 61 32 31 66 60  6 33 81 40 60 54 39 52 73 10 17 66 90 53 80 30 88  7  2 22 72 96  4 65 69 10 91 93 53 41 51 70 62 18 71 15 64 88 73 64 12 54 58 83 97 60 12 99 89 37 79 90 32 50 72 50 41 42 25 52  2  2 26 35 79 66 93 
83 22 72 68 45 43 79 27 77  2 62 42 24 40 24 18  0 69 75 10 49 73 61 36 28 22 76 51 42 20  3 27 12 73 11 20 20 37 13 98 77 20 100 99 12 63 79 89 21 100 42 73 12 59 90 100 34 45 69 13 26 18 44 66 33 32 25 32 96  3 51 14 55  8 57 43 10 80 13  9 48 93 74 24 63 96  5 99 100 33 70 82 94 89 71 50 26 77 56 56 
20 98 56 76 85  2 29 83 49 15 80 21 46 49  6 54 69  0 57  6 20  8 62 22 19 43  1  4 75 77 49 97 60  5 99 34 43  5 35 58  3 36 37 38 44 13 90  2 45 71 73 95 96 30 62 73 51 67 17 27 49 40  5 92 79 35 95  3  9 28 62 35 52 23 66 94 59 13 47 86 16 32  7 58 41 23 35 27 74 91 41 30 12 86 96 76 17 98 40 20 
62  9 70 85 62 99 93 40 70 93 30  8  7 87 48 47 75 57  0 24  1 87 18  4 25 93 81 61 34 12 38 66 52 96 17 85 91 21 77 21 71 73 46 55 56 100 21 33 98 42 92 37 13 55 39 58 29 80 73 17 37 98 26 65 77 95 33 93 65 11 100 37 47 35 86 99 65 81 35 54 39 27 52 43  4 72 38 87  2 29 64 92 52 84 76 63 52 23 62 74 
34 22  6 10 61 53 77  5 31 41 17 25 25 81 95 30 10  6 24  0 18 97  8 63 44 45 85 98 56 75 21 96  1 71 31 87 43 41 76 72 27 51 74 48 93 66 49 50 62 33 31 96 47 28 37 35 19 70 33  5  9 88 18 25 99 100 78 41 77 93 54 68 11 65 97 52 80 23 68 22 43 29 39 45  8  8 35 99 78 84 22 41 42 25 72 60 71 67 81 31 
26 39  6 93 61  7 38 14 39 74  8 84 56 76  5 41 49 20  1 18  0  4 59 38 89 68 76  9 61 47 96  2 79 79 28 28 14 87 83 44 23 49 24 41 70 90 31 52 42 68 96 83 20 84 65 51 23 66 43 63 78  8 79 72 40 47 60 75 61 62 83 66 52 57 73 17 29 25 35 47 74 12 86 65  1 53 72 60 76 59 87 71 32 83 13 27 43 32 88 62 
54 30 71  3 61 80 66 15 23 47 25 29 40 23 82 100 73  8 87 97  4  0 12 57 61 89 58  3 79 55 17 69 81 44 85 70  5 58 96 99 64 81 47 56 58 87 79 72 85 59 100 91 23 98 22 48 32  4 13  7 51 33 68 96 62 30 18 24 17 42  4 69 89 84  9 19  2  6 33 66 25 79 44 91 19 73 35 98 69 86 27 87 21 23 88 93 98 58 73 19 
65 58 61 34 35 52 69 88 18 21 71 86 100 34 42 42 61 62 18  8 59 12  0 64 46 88 49 45 55 42  1 58 39 65  4 45 80 68 57 27 65 59 95 15 19 43 71 22 36 66  5 25 99 78 37 23 65 79 32 53 57 59 49 65 32 67 82 81 15 96 79 35 93 38 50 86 36 92 95 72 64 65  8 91 10 73 34 35 70 42  2 43 24 91 50  1 21 48 43 69 
94 15 32  5 39 48 40 48 59 53 29 64  3 80 95 94 36 22  4 63 38 57 64  0 73 63 54 85 74 37 59 60 60 39 88 10 58  6  3 18 79 27 58 12 89 20 25 67 53 41 57 42 44 50 10 27 35 22 48 63 71 67 100 24 70 15 29 83 89 82 66 75  2 83 65 19 42 71 70 54 97 67 94 82 76  3 46 50 72 57 48 34 67 76 86 63 100 41 58  3 
87 39 30 19 24 56 51 43 88 99 45 85 31 61  7 55 28 19 25 44 89 61 46 73  0 72 39 29 69 63 32 17 86 84 14  2 99 76 10 54 83  7 19 78 11  4 52 99 82 28 74 88 26 17 12 49 49 56 59 86 19 98 88 81  3 68 49  5 53 56 86 19 47 13 64 78 54 50 16 81 80 64 12 44  8 64 20 46 50 36 21 63 73 93 78 71 27 25 45 56 
 2 70 16 46 59 39 82 18 47 60 67 33 70 67 16 44 22 43 93 45 68 89 88 63 72  0 51 46 37 57 99 16 56 59 72 24 28 80 100 86 43 83 43 24 45 20 97  1 31 43 53 84 17 48 55  9 70 66 58 68 20 76 14 49 38 60 45 97 10 67 84  9 48 25 70 27 25 27 32 97 87 20 53 86 54  6 100 76 95 42 45 32 51  1 78  3 44 38 97 18 
25 93 13 99 77 11 43 12 53 85  4 69 77 84 40 54 76  1 81 85 76 58 49 54 39 51  0 23 73 16 98 37 96 65 84 36 67 47 99 66 96 26 14 77 41  9 41 95 25  3 40 36 38 48 78 100 28 77 81  7 14 67 40 41 80 56 41 17  2 62 66 21 41 75 72 32 89 64 68 88 75 23 82 14 23 80 29 70 56 96 70 16 60 81 56 52 89 11  1 25 
95 57 11 13 97 69 73  4 32 94 10 93  8 75 63 50 51  4 61 98  9  3 45 85 29 46 23  0 29 67 14 90 62 74 54 26 47  7 22 75 31 40 31 79 37 66 35 65 15 16 61 22 80 56 27 56 66 45 13 44 48 65 46 29 99 35 17 13 71  6 57 88 25 61 61 61 82 35 83 18 14 32 51  7 77 26 10 39 96 45 14 56 42 77 53 55 12 12 60 13 
29  3 49 85 42 66 22 17 82 82 64 30 41 21 44 61 42 75 34 56 61 79 55 74 69 37 73 29  0 88 62 74 81 18 69 52 82 83 11 12 34  1 77 34 61 31 58 10 31 66 64  4 51 92 53 48 85 51 58 17 10 92 14 17 90 61 50 61 13 27 76 16 21 72 66 12 62 24 15 73 12 55 70 15 77  1  2 95 90 70 47 48 49 46 53 89 30 66 78 31 
34 82 23  7 95 10 75 48 81 72 96 44 87 60 62 32 20 77 12 75 47 55 42 37 63 57 16 67 88  0 37 13 13 15 34 10 82 11 82 50 94 75 22  2 30 33 93 12 90 31 17 84 99 21 72 96 12 82 66 45 45 88 84 40  7 50 18 28 50 46 30  1 73 84 34 46 32 84 69 46 22 41 27 27  5 62 31 22 70 16 85 12  7 37 10 61 51  1 61 94 
 2  9 66 29 23 67 15  1 37 36 11 64 84 52 67 31  3 49 38 21 96 17  1 59 32 99 98 14 62 37  0 34  4 57  4 69 71 84 39 16 93 53 75 11 20 42 28 54 56 77 90 42 46 92 77 84 61 78 43 100  1 74 79 84 87 32 65 18 43 96 58 89 86  1 75 90 77 55 35 77 26 20 21 64 61 73 46 52 30 46 59 34  2 96 29 27 98 22 76  9 
86 48 94 74 95 27 91  5 78 91 26 57 67 25 88 66 27 97 66 96  2 69 58 60 17 16 37 90 74 13 34  0 11 15 75 33 48 47 27 45 93 11 14 42  8 47 18 12 13 59 49 65 52 60 34  3 44 19 89 53  4 49  5 22 33 49 30 11 79 85 45 36 86 29 91 55 34 72 27 33 82 21 90 70 42 15  8 23 93 95 71 53  2 88 46 36  1  2 49 41 
64 34 41 87 80 73 60 18 17 31 56 47 37 19 13 60 12 60 52  1 79 81 39 60 86 56 96 62 81 13  4 11  0 81 51 22 17 38 85 64 62 64  9 90 47 60 54 74 85 69 57 95 71 17 25 56 81 46 57  7 60  8 91 72 13 55 30 17  1  1 84 54 96  5 29 90 68 99 10 58 50 45 61 14 44 74 44  8 97 78 81 26 11 40 18 21 54 76 64 48 
29 95 10 31 85 47 94 74 82 67 68 82 74 57 36  6 73  5 96 71 79 44 65 39 84 59 65 74 18 15 57 15 81  0  1 70 55 80 90 42 28 66 55 68  9  5 25 97 54 79 38 89 24 63 95 43 51 37 90  3 38  9 21 68 66 21 25 94 70 57 86 62 60 69 52 66  8 82 74 94 38 57 51 72 86 37 22 73 68 89  5 49 86 85 33 42  2 25 61 86 
13 79 58 17 79 28 67 46 71 51  7 39 66 91 94 33 11 99 17 31 28 85  4 88 14 72 84 54 69 34  4 75 51  1  0 53 70 85 70 87 98 10  7 56  8 22 29 56 21  1 68 11 94  7 39 87 64 29 48 93 74 12 79 97 52 36  2 37 81 36  7 93 26 23 74 99 61 61 26 88 28 14 84  1 72 70 61  6 61 34 62 52 76 73 46 15 80 31 68 72 
 2 69 36  1 15 57 54 14 88 61 20 27 27 76 70 81 20 34 85 87 28 70 45 10  2 24 36 26 52 10 69 33 22 70 53  0 88 25 95 20 63 65 34 12 61 54 52 86 15 61 81 87  5 30 70 93 57 67 83 94 97 19 55 89  7 89 66 75 40  7 89 12 65 58 52 32  8 53 79  8 85 47 18 94 33 24 57 56 93 74 43 56 95 18 34 18 61 87 27 91 
15 12  7 10  2  4  1 17 24 29 87 28 49 17 70 40 20 43 91 43 14  5 80 58 99 28 67 47 82 82 71 48 17 55 70 88  0 54 38 11 59 43 93 19 36 71 73 24 26 67 18 14 80 94 70 86 17 81 89 79 43 54 94  7 97 59 96 23 79 51 55  2  4 62 54 15 75 45 21 17 55 33 51 25 89 32 62 96 97 65 18 44 71 42 52 99 91 79  2 19 
63 29 99 83 100 69 61 12 55 50 68 55 74 48 53 60 37  5 21 41 87 58 68  6 76 80 47  7 83 11 84 47 38 80 85 25 54  0 97 10 58 50 68 94 79 87 14 38  2 10 13 39 40 17 47  4 15 19 17 88 73 21 92 100 15 49 55 96 13 60 83 31 65 69  3 32 34 46 33 14  7 57  7 68 59 25 79 100 81 94 19 33 15 85 12 55 26 45 47 79 
38 78 83 20 94 20  1 11  7 35  5  5 94 49 91 54 13 35 77 76 83 96 57  3 10 100 99 22 11 82 39 27 85 90 70 95 38 97  0 96 48 15 57 60 67 94 89 50 64 56 67 55 12 50 97  1 89 35 10 89  1 28 56 49 27 48 58 39 25  6  9 23 50 38 29 24 52 69 40 90 51 18  3 87 23 34 88 85 94 32 64 27 54 11 74 90 30 59 43 53 
38 56 49 38 21 75 18 22 13 71 48  4 67 37 40 39 98 58 21 72 44 99 27 18 54 86 66 75 12 50 16 45 64 42 87 20 11 10 96  0  6 35 29 87 38 51 33 21  2 80 11 28 78 22  9 30 51 16 98 73 97 16 11  8 17 100 22 73 81 81  8 58 67 64 78 95 40 45 15 90 13 82  5 13 51 23 19 88  1 46 95 38  2  1 49 15 96 42 69 94 
24 77  7  8 84 57 86 37  5  8 65 47 89 17 19 52 77  3 71 27 23 64 65 79 83 43 96 31 34 94 93 93 62 28 98 63 59 58 48  6  0 94 90 14 29 77 47  8 44 61 91 59 83 53 87  5 100 33 92 21 85  4 87 75 75 90 20 95 48 54 76 34 30 100 94 97 36 98 100 15 62 43 19 75 69 94 75 31 57 48 99 69  7 18 77 14 74 49 26 97 
35 100 64  2 38 28 43 69 93 95 95 83 77 69 11 73 20 36 73 51 49 81 59 27  7 83 26 40  1 75 53 11 64 66 10 65 43 50 15 35 94  0 77 55  6 50 56 53 78 36 35 23 10 39 14 84 38 32 28 88 31 97 78 53 31 73  6 53 80 74 93  3 32 33 43 79 69 64 15  3 90 96 55 33  7  9 50 41 68 55 82 58 98 90 89 48 34 23 36 47 
13 21 52 52 91 85 75 47 25 52 66 96 42 50 66 10 100 37 46 74 24 47 95 58 19 43 14 31 77 22 75 14  9 55  7 34 93 68 57 29 90 77  0 70 44  2 45 75 76 41 53 20 14 82 37 95  3 38 73 60 30 93  4  6 20 86 40 32 35 28 33  3 97 62 14 78 99 40 12 17 45 96 36 72 90 87 38  5 23 67 11 99 83 76 15 91 78 29 20 24 
91 81 47 39 40 33  5 82 100 22 72 63 23 35 50 17 99 38 55 48 41 56 15 12 78 24 77 79 34  2 11 42 90 68 56 12 19 94 60 87 14 55 70  0 19 30 52 57 74 65 95 27 56 32 89 91 74 46 95 29  4 34 71 72 84 88 20 48 20 26 54 55 43 51 64 30 59  4 23 96 78 24  5 25 48 75 79 27 26 98 58 95 27 36 88 95 92  8 96  4 
39 56 17 26 16 48 25 42 31 28 55  9 60 85 11 66 12 44 56 93 70 58 19 89 11 45 41 37 61 30 20  8 47  9  8 61 36 79 67 38 29  6 44 19  0 86 51 13 95 30 36 27 55 14 27 64 17 55 98 75 49 46 79 37  5 70 79 12 69  5  5  5 91 92 82 96 63 87 43 76  5 89  4 77 16 20  2 52 67 42 86 68 55 87 26 49 44 42 86 66 
13 82 28 99 95 100 39 53 99 66 14 24 37 72 68 90 63 13 100 66 90 87 43 20  4 20  9 66 31 33 42 47 60  5 22 54 71 87 94 51 77 50  2 30 86  0 26 80 28 91 29 85 91 85 99 12 74 41 70 25 64 34 87 86 66 73 32 21 98 63 43  5 28 62  7  9  8 46 15 84 13 66 16 78 22 16  1 86 50 25 32 70 76  4 74  3 17 95 65 41 
91 16 57 42 46  3  3 15 78 68 36 59 90 90 85 53 79 90 21 49 31 79 71 25 52 97 41 35 58 93 28 18 54 25 29 52 73 14 89 33 47 56 45 52 51 26  0 25 28 13 33  7 39 54 35 63  2 79 38 78 64 56 95  6 24 74 22 46 60 94 75 89 10 41 86 41 92 10 42 72 81 94 99 51 78 92 29 67 91 48 98 78 11 52  9 99 70  5 17 22 
97 91 49 16 53 45 93 17 25 73 37 91 27 82 38 80 89  2 33 50 52 72 22 67 99  1 95 65 10 12 54 12 74 97 56 86 24 38 50 21  8 53 75 57 13 80 25  0 29 47 57 35 30 66 26 21 66 11 50  6 78 64 70 48 88 19 59 10 80 57 28 68 40 58 48 66 82  1 91 79 81 88 15 36 47 84 68 64 79  4 41 29 26 80 19 85 93 18 88  1 
52  6 85 69 33 51 97 85 55 19 30 27  1 10 73 30 21 45 98 62 42 85 36 53 82 31 25 15 31 90 56 13 85 54 21 15 26  2 64  2 44 78 76 74 95 28 28 29  0  2 33 48 60 98 98 10 18 16 54  1 38 57 32 76 23 59 89 71 100 80 100 71 42 88 91 79 27  3  5 30  8 51 78 61 94 11 71 72 81 69 16 48 69 79 43 22 34 65 73  8 
55 77 69 13 58 12 56 47 78 22 47 54 90 73  4 88 100 71 42 33 68 59 66 41 28 43  3 16 66 31 77 59 69 79  1 61 67 10 56 80 61 36 41 65 30 91 13 47  2  0 93 95 15 25 40 66 95 71 96 95 81 54 94  1 78 21 63 10 52 16 55 64 96 26 56 36 91  5 38 32 42 43 52 63 10 42  6 97  2 86 53 38 86 12 92 16 52 68 82 68 
32 29 52  6 76 11 85 84 16 93 97 64 59 63 57  7 42 73 92 31 96 100  5 57 74 53 40 61 64 17 90 49 57 38 68 81 18 13 67 11 91 35 53 95 36 29 33 57 33 93  0 33 100 58 83 53 34 64 34 59 94 92 12 21 87 47 81  9 19 93 19 79 35 21  9 62 17 93 97 91 90 17 75 95 35 92 33  6  6 76 54 89 42 75 28 36 34 97 39 82 
51 58 15 36 24 38 99 29 86 16 34 71  4 96 97  2 73 95 37 96 83 91 25 42 88 84 36 22  4 84 42 65 95 89 11 87 14 39 55 28 59 23 20 27 27 85  7 35 48 95 33  0 56  5 24 69 26 93 10 68 58 96 26 39  9  8 67 13 55 27 95 21 43 92  9 73 41 81 98 45 21 91 82 47 56 96 57 94 43 59 85 37 100 70 98 42 92 35 93 19 
34  7 40 44 40 66 24 94 50 94 22 13 89 34 97 22 12 96 13 47 20 23 99 44 26 17 38 80 51 99 46 52 71 24 94  5 80 40 12 78 83 10 14 56 55 91 39 30 60 15 100 56  0 79 90 62 72  7 96 33 79 33 32 55 28 15 96  2 18 20  6 47  2  5  6  2 65 77 12 97 71 78 41 47 36 48  6 59 53 95 34 98 16 100 99 15 89  1 34 83 
65 80 76 34 93 47 75 87 76 83 74 25 61 71 51 72 59 30 55 28 84 98 78 50 17 48 48 56 92 21 92 60 17 63  7 30 94 17 50 22 53 39 82 32 14 85 54 66 98 25 58  5 79  0 40 41 85 11 44 11 97 52 32 44 41 44 20 29 90 19 91 25 19 26 43 88 94 82 43 23 72 60  3 95 64 81 24 25 56 76 20 75 88 88 58 79 67 84 78 96 
75 98 33 45 99 42 47 78 13 64 88 11 73 99 25 96 90 62 39 37 65 22 37 10 12 55 78 27 53 72 77 34 25 95 39 70 70 47 97  9 87 14 37 89 27 99 35 26 98 40 83 24 90 40  0 55 71 84 20 61 57 29 46 16 60 15 72 11 28 32 39 41 11 94 74 14 88 64 20 89  1 97 72 10 58 97 11 39 61 66 64 79 25 64 89  9 35 60  3 25 
32 84 56 75  7 68 14 69 26 74 97 29 37 19 75  4 100 73 58 35 51 48 23 27 49  9 100 56 48 96 84  3 56 43 87 93 86  4  1 30  5 84 95 91 64 12 63 21 10 66 53 69 62 41 55  0 34 56 34 90 51 89 58 73 45 25 80  8 61 24 11 73 63 25  1 86 85 59 39 31 85 80 28  8 55 30 87  8 53 32 98 60 59 37 78 17 65 45 82  7 
99 31 14 85 18 29 30 32 64 88 38 47 98 72 25 65 34 51 29 19 23 32 65 35 49 70 28 66 85 12 61 44 81 51 64 57 17 15 89 51 100 38  3 74 17 74  2 66 18 95 34 26 72 85 71 34  0 86 60 99 42 24 78 17 78 13 72 88 18 17 55 75 12 86 30 43 23 74 19 26 34 10 84 23 42 76 30 42 87 62 49 61 97  5 93 58 13 85 84 11 
44  8 55 12 32 35 78 38 19 86 95 12 84 28 80 69 45 67 80 70 66  4 79 22 56 66 77 45 51 82 78 19 46 37 29 67 81 19 35 16 33 32 38 46 55 41 79 11 16 71 64 93  7 11 84 56 86  0 63  2 21 37 51 26 92 20 62 59 93 95 23 69 35 25 65 19 53 100 74 23 18 34 96 30 23 79 19 42 33 81 29 54 64 74 92 72 40 20  2 48 
 5 28  3 17 54 15 10  9 51 87 96 27 16 92 26 10 69 17 73 33 43 13 32 48 59 58 81 13 58 66 43 89 57 90 48 83 89 17 10 98 92 28 73 95 98 70 38 50 54 96 34 10 96 44 20 34 60 63  0 35  9 10 33 25 97 78 25 55 43 72 60  6 13 78 74 17 84 40 48  8 86 44 54 48 78 27 83 28 23 65 84 11 47 57 19 13 76 94 40 10 
34 95 99 27 30 36 29 58 74 15 50 53 43 84 15 91 13 27 17  5 63  7 53 63 86 68  7 44 17 45 100 53  7  3 93 94 79 88 89 73 21 88 60 29 75 25 78  6  1 95 59 68 33 11 61 90 99  2 35  0 56 50 20 54 18 81 40 72 47 84 99 46  2 35 10 18 25 11 91  3 52 86 91 17  2  2 57 22 33 74 47  3 91 64 90 59 76 58 24 11 
37 80 24 89 55  2 95 43  5 53 79 36 35 64 25 93 26 49 37  9 78 51 57 71 19 20 14 48 10 45  1  4 60 38 74 97 43 73  1 97 85 31 30  4 49 64 64 78 38 81 94 58 79 97 57 51 42 21  9 56  0 22 27 36 71 19 31 53 20 71 13 80 11  8 19 16 64 14 60 21 66 10 87 32 32  6  6 15 81 45 58 40 43 35 62 47 12 73 55 99 
48  8 91 38 64 87 55 69 47 40 88 48 53 75 52 53 18 40 98 88  8 33 59 67 98 76 67 65 92 88 74 49  8  9 12 19 54 21 28 16  4 97 93 34 46 34 56 64 57 54 92 96 33 52 29 89 24 37 10 50 22  0 59  5 53 55 47 15 35 99 28 12 92  7 23  4 10 43 32 16 61 40 24 45 49 77 66 25 98 80 25 55 45 65  3 84 24 69  7 68 
31 49 43 30 44 26 80 95 44 38 74 21 76 33 21 41 44  5 26 18 79 68 49 100 88 14 40 46 14 84 79  5 91 21 79 55 94 92 56 11 87 78  4 71 79 87 95 70 32 94 12 26 32 32 46 58 78 51 33 20 27 59  0 41 54 88 59 79 81 69 68 22 66 48 86 56 83 25 40 10  6 12 96  3 94 47 81 76 96 43 98 87 21 29 54 47 89 51 50 43 
48 65 88 28 13 91 100 74 74 62 68 44 97 91 76 51 66 92 65 25 72 96 65 24 81 49 41 29 17 40 84 22 72 68 97 89  7 100 49  8 75 53  6 72 37 86  6 48 76  1 21 39 55 44 16 73 17 26 25 54 36  5 41  0 17 36 85 40 63 38 13 29 95 67 68 91 17 29 21 78 97 34  7 61 60 67  3 56 53 37  9 98 90 34 70 61 99 91  1 86 
60 47 72 41 53  5 43 63 42 45 59 85 50 45 14 70 33 79 77 99 40 62 32 70  3 38 80 99 90  7 87 33 13 66 52  7 97 15 27 17 75 31 20 84  5 66 24 88 23 78 87  9 28 41 60 45 78 92 97 18 71 53 54 17  0 46 99 10 39 68 36 87 85 92 21 47 82 83 66 14 78 33 67 42 61 83 34 21 64 18 68 10 16 36 72 64 87 86 93 98 
47 10 60 11 69 75 44 89 79 69 67 80 30 97 87 62 32 35 95 100 47 30 67 15 68 60 56 35 61 50 32 49 55 21 36 89 59 49 48 100 90 73 86 88 70 73 74 19 59 21 47  8 15 44 15 25 13 20 78 81 19 55 88 36 46  0  7 10 87 73 84  4 67 62 35  6 94 57 82 94 49 16 70  7 93  5 42  2 27  9  5 21 14 15 77 31  1 75 48 25 
96 17 80 57 52 70 50 15 41  4 91 66 17 98 22 18 25 95 33 78 60 18 82 29 49 45 41 17 50 18 65 30 30 25  2 66 96 55 58 22 20  6 40 20 79 32 22 59 89 63 81 67 96 20 72 80 72 62 25 40 31 47 59 85 99  7  0 81 94 78 96 98 12 84 48 71 41 16  2 15 10 70 68 78 68 28 57 41  6 57 57 94 68 71 43 11 74 100 57 66 
29 11 94 31 38 61  8 43 83 73 15 33 30 10 77 71 32  3 93 41 75 24 81 83  5 97 17 13 61 28 18 11 17 94 37 75 23 96 39 73 95 53 32 48 12 21 46 10 71 10  9 13  2 29 11  8 88 59 55 72 53 15 79 40 10 10 81  0 82  6 96 47 11 45 30 40 69 83 36 92 92 96 14 18 52 91 51 73  7 26 78 15 55 99 15 10 34  8 16 12 
20 11 80 18 45  6 35 71 57 25 83 57 58 14 78 15 96  9 65 77 61 17 15 89 53 10  2 71 13 50 43 79  1 70 81 40 79 13 25 81 48 80 35 20 69 98 60 80 100 52 19 55 18 90 28 61 18 93 43 47 20 35 81 63 39 87 94 82  0 60 14 93 12 29 81 79 11 83 89 31 36 66 66  9 55 30 97  2 16 89 51  8 79 62  6  3 24 21 86 47 
49  8 79 43 41 82 19 85 86 59 35 44 77  6  5 64  3 28 11 93 62 42 96 82 56 67 62  6 27 46 96 85  1 57 36  7 51 60  6 81 54 74 28 26  5 63 94 57 80 16 93 27 20 19 32 24 17 95 72 84 71 99 69 38 68 73 78  6 60  0 99 25 100 46 46 48 15 56 18 80 59  8 69 97 23 90 93 25 60 15 71 55  4 13 60 75 59 35 16  4 
53 18 36 14 64 39 13 45  1 12 55 82 78 56 74 88 51 62 100 54 83  4 79 66 86 84 66 57 76 30 58 45 84 86  7 89 55 83  9  8 76 93 33 54  5 43 75 28 100 55 19 95  6 91 39 11 55 23 60 99 13 28 68 13 36 84 96 96 14 99  0 49 18  6 97 34  1 19  2 79 59 89 28 24 54 55  8 60 43 43 13 75 89 71 60  3 46  9 74 37 
 9 33 99 45 49 66 90 75 40 91 98 91 69 66 64 73 14 35 37 68 66 69 35 75 19  9 21 88 16  1 89 36 54 62 93 12  2 31 23 58 34  3  3 55  5  5 89 68 71 64 79 21 47 25 41 73 75 69  6 46 80 12 22 29 87  4 98 47 93 25 49  0 60 61 17 47 24 48 67 72 72 18 100 52 11  8 63 42 39 34 13 51 87 71  7 20 64 90 89 58 
100  1 59 88 92 66 89 75 32 17 97 79 64 25 32 64 55 52 47 11 52 89 93  2 47 48 41 25 21 73 86 86 96 60 26 65  4 65 50 67 30 32 97 43 91 28 10 40 42 96 35 43  2 19 11 63 12 35 13  2 11 92 66 95 85 67 12 11 12 100 18 60  0 27 89 95 28 20 46 82 33 12 81 93 38 24 86 36 19 27 40  5 36  3 72 60 85 82 64 27 
74 41 70 42 13 71 60 17  4 89 21 39 10 13 75 12  8 23 35 65 57 84 38 83 13 25 75 61 72 84  1 29  5 69 23 58 62 69 38 64 100 33 62 51 92 62 41 58 88 26 21 92  5 26 94 25 86 25 78 35  8  7 48 67 92 62 84 45 29 46  6 61 27  0 68 60 32  5  1 65 32 29 64 86 26 57 32 70 25 28 39 79 59 27 84 32  4 74 58 12 
37 31 12 19 84 54 54 22 61 51  1 19  4 36 94 54 57 66 86 97 73  9 50 65 64 70 72 61 66 34 75 91 29 52 74 52 54  3 29 78 94 43 14 64 82  7 86 48 91 56  9  9  6 43 74  1 30 65 74 10 19 23 86 68 21 35 48 30 81 46 97 17 89 68  0 31 26 13 70 29 56 74 51 51 38 40 22 69 26 51 13 37 47 81 44 44 19 61 22 24 
45 16 78 18 20 83  8 64 78 70 42 48 17 30 76 58 43 94 99 52 17 19 86 19 78 27 32 61 12 46 90 55 90 66 99 32 15 32 24 95 97 79 78 30 96  9 41 66 79 36 62 73  2 88 14 86 43 19 17 18 16  4 56 91 47  6 71 40 79 48 34 47 95 60 31  0 94 40 52  1 35 15 44 57 66 49 65 79  7 92 46 63 26 25 40 30  8 44 58 84 
76 82 41 47 57 72 50 42 23 88 18 31 11 67 80 83 10 59 65 80 29  2 36 42 54 25 89 82 62 32 77 34 68  8 61  8 75 34 52 40 36 69 99 59 63  8 92 82 27 91 17 41 65 94 88 85 23 53 84 25 64 10 83 17 82 94 41 69 11 15  1 24 28 32 26 94  0  9 81  3 77 74 51 26 57 15 23 66  7 98 20 92 93  2 31 78 58 94 75  4 
15 94  9 59 56 44  6 28 60 94 20 98 65  1 83 97 80 13 81 23 25  6 92 71 50 27 64 35 24 84 55 72 99 82 61 53 45 46 69 45 98 64 40  4 87 46 10  1  3  5 93 81 77 82 64 59 74 100 40 11 14 43 25 29 83 57 16 83 83 56 19 48 20  5 13 40  9  0 47 39 55 43 66 58 75 87 62 86  9 34 70 70  1 65  4  5 38 14 81 18 
59  1 29 42 11 30 12 17 11 83 70 21 23 38 49 60 13 47 35 68 35 33 95 70 16 32 68 83 15 69 35 27 10 74 26 79 21 33 40 15 100 15 12 23 43 15 42 91  5 38 97 98 12 43 20 39 19 74 48 91 60 32 40 21 66 82  2 36 89 18  2 67 46  1 70 52 81 47  0 29 67 38 47 43 27 60 44 52 45 87 15 12 36 88 83 19 93 50 19  7 
100 65 95 32 51 22 68 57 77 35 78 75 59 94 100 12  9 86 54 22 47 66 72 54 81 97 88 18 73 46 77 33 58 94 88  8 17 14 90 90 15  3 17 96 76 84 72 79 30 32 91 45 97 23 89 31 26 23  8  3 21 16 10 78 14 94 15 92 31 80 79 72 82 65 29  1  3 39 29  0 21  1 76 17 11 60 66 35 62 52 86 44  6 65 28 90 15 33 86 23 
98 74 100 66 55 75 66 70 88 81 35 55 14 38 66 99 48 16 39 43 74 25 64 97 80 87 75 14 12 22 26 82 50 38 28 85 55  7 51 13 62 90 45 78  5 13 81 81  8 42 90 21 71 72  1 85 34 18 86 52 66 61  6 97 78 49 10 92 36 59 59 72 33 32 56 35 77 55 67 21  0 92 86 25  4 98 34  6 58 46 28 99 41 14 88 82 90 26 76 41 
59 56 89 52 53 14 77 100 69 26  7 65 11 36 30 89 93 32 27 29 12 79 65 67 64 20 23 32 55 41 20 21 45 57 14 47 33 57 18 82 43 96 96 24 89 66 94 88 51 43 17 91 78 60 97 80 10 34 44 86 10 40 12 34 33 16 70 96 66  8 89 18 12 29 74 15 74 43 38  1 92  0 10 18 35 78 10 46 36 57 55  2 10 50 64  3 100 78 52 55 
76 61 27 23 20 42 14 61 24 34 17 59 85 49 39 37 74  7 52 39 86 44  8 94 12 53 82 51 70 27 21 90 61 51 84 18 51  7  3  5 19 55 36  5  4 16 99 15 78 52 75 82 41  3 72 28 84 96 54 91 87 24 96  7 67 70 68 14 66 69 28 100 81 64 51 44 51 66 47 76 86 10  0 47 35 81 86 74  2 44 98 52 48 45  1 78 13 12 83 86 
28 49 38 56 44 38 49 10  8 62 85 35 28 89 66 79 24 58 43 45 65 91 91 82 44 86 14  7 15 27 64 70 14 72  1 94 25 68 87 13 75 33 72 25 77 78 51 36 61 63 95 47 47 95 10  8 23 30 48 17 32 45  3 61 42  7 78 18  9 97 24 52 93 86 51 57 26 58 43 17 25 18 47  0 17 65 12 13 37 19 56 28 65 16 36 82 40 61 56 57 
70 88 71 47 40 52 71 13 38 88 19 71 50  8 83 90 63 41  4  8  1 19 10 76  8 54 23 77 77  5 61 42 44 86 72 33 89 59 23 51 69  7 90 48 16 22 78 47 94 10 35 56 36 64 58 55 42 23 78  2 32 49 94 60 61 93 68 52 55 23 54 11 38 26 38 66 57 75 27 11  4 35 35 17  0  9 46 21 83 24 79 32 67 13  4 24 29 99 38 60 
94 74 58 90 15 93 75 45 61 48 90 58 64  6 17 32 96 23 72  8 53 73 73  3 64  6 80 26  1 62 73 15 74 37 70 24 32 25 34 23 94  9 87 75 20 16 92 84 11 42 92 96 48 81 97 30 76 79 27  2  6 77 47 67 83  5 28 91 30 90 55  8 24 57 40 49 15 87 60 60 98 78 81 65  9  0 48  5  9 78 83 77 12 51 36 10 41 69 72 24 
 5 25 40 57 80 20 94 67 80 98  9 47 50 35 11 50  5 35 38 35 72 35 34 46 20 100 29 10  2 31 46  8 44 22 61 57 62 79 88 19 75 50 38 79  2  1 29 68 71  6 33 57  6 24 11 87 30 19 83 57  6 66 81  3 34 42 57 51 97 93  8 63 86 32 22 65 23 62 44 66 34 10 86 12 46 48  0 56 86 60 26 71 42 71 84 90 100 70 25 52 
60 57  9 26 75 75 36 28 46 78 10 45  2 92 93 72 99 27 87 99 60 98 35 50 46 76 70 39 95 22 52 23  8 73  6 56 96 100 85 88 31 41  5 27 52 86 67 64 72 97  6 94 59 25 39  8 42 42 28 22 15 25 76 56 21  2 41 73  2 25 60 42 36 70 69 79 66 86 52 35  6 46 74 13 21  5 56  0 67 37 59 16 34 43  2 68 46 58 40 62 
14 41 90 78 25 31 84  1 100 25 67 60  4 22 69 50 100 74  2 78 76 69 70 72 50 95 56 96 90 70 30 93 97 68 61 93 97 81 94  1 57 68 23 26 67 50 91 79 81  2  6 43 53 56 61 53 87 33 23 33 81 98 96 53 64 27  6  7 16 60 43 39 19 25 26  7  7  9 45 62 58 36  2 37 83  9 86 67  0 48 68 15  6 68 56 60 94 55 77 59 
63 40 30 84 25 85 34  6 40 16 24 10 93 62 88 41 33 91 29 84 59 86 42 57 36 42 96 45 70 16 46 95 78 89 34 74 65 94 32 46 48 55 67 98 42 25 48  4 69 86 76 59 95 76 66 32 62 81 65 74 45 80 43 37 18  9 57 26 89 15 43 34 27 28 51 92 98 34 87 52 46 57 44 19 24 78 60 37 48  0  8 43 13 97 31 66  5 58 100 58 
60 17 15 43 36 67 49 44  5 57 43 72 47 86 73 42 70 41 64 22 87 27  2 48 21 45 70 14 47 85 59 71 81  5 62 43 18 19 64 95 99 82 11 58 86 32 98 41 16 53 54 85 34 20 64 98 49 29 84 47 58 25 98  9 68  5 57 78 51 71 13 13 40 39 13 46 20 70 15 86 28 55 98 56 79 83 26 59 68  8  0 55 57 73 63 30 92 47 72 90 
29 99 17 89 22 69 72 68 91 37 49 27 96  2 94 25 82 30 92 41 71 87 43 34 63 32 16 56 48 12 34 53 26 49 52 56 44 33 27 38 69 58 99 95 68 70 78 29 48 38 89 37 98 75 79 60 61 54 11  3 40 55 87 98 10 21 94 15  8 55 75 51  5 79 37 63 92 70 12 44 99  2 52 28 32 77 71 16 15 43 55  0 49 97 53  2 28 72 50 68 
 6 55 69 77 97 80 66 53 49 59 16 11 92 63 75 52 94 12 52 42 32 21 24 67 73 51 60 42 49  7  2  2 11 86 76 95 71 15 54  2  7 98 83 27 55 76 11 26 69 86 42 100 16 88 25 59 97 64 47 91 43 45 21 90 16 14 68 55 79  4 89 87 36 59 47 26 93  1 36  6 41 10 48 65 67 12 42 34  6 13 57 49  0 35 78  8 87 80 22 59 
40 37 14 67 65 52 81 67 85 11 50 15 14 41 66  2 89 86 84 25 83 23 91 76 93  1 81 77 46 37 96 88 40 85 73 18 42 85 11  1 18 90 76 36 87  4 52 80 79 12 75 70 100 88 64 37  5 74 57 64 35 65 29 34 36 15 71 99 62 13 71 71  3 27 81 25  2 65 88 65 14 50 45 16 13 51 71 43 68 97 73 97 35  0 90 93 59 100 31 41 
54 74 95 21 57 86 26 83 47 17 22 83 52 11 80  2 71 96 76 72 13 88 50 86 78 78 56 53 53 10 29 46 18 33 46 34 52 12 74 49 77 89 15 88 26 74  9 19 43 92 28 98 99 58 89 78 93 92 19 90 62  3 54 70 72 77 43 15  6 60 60  7 72 84 44 40 31  4 83 28 88 64  1 36  4 36 84  2 56 31 63 53 78 90  0  2 34 24 31 82 
40 34 47 17 14 60 81 85 31 39 69 66  2 70 61 26 50 76 63 60 27 93  1 63 71  3 52 55 89 61 27 36 21 42 15 18 99 55 90 15 14 48 91 95 49  3 99 85 22 16 36 42 15 79  9 17 58 72 13 59 47 84 47 61 64 31 11 10  3 75  3 20 60 32 44 30 78  5 19 90 82  3 78 82 24 10 90 68 60 66 30  2  8 93  2  0 90 88 77 41 
22 59 20 29 45 34 67 25 72  8 29 95 46 90 97 35 26 17 52 71 43 98 21 100 27 44 89 12 30 51 98  1 54  2 80 61 91 26 30 96 74 34 78 92 44 17 70 93 34 52 34 92 89 67 35 65 13 40 76 76 12 24 89 99 87  1 74 34 24 59 46 64 85  4 19  8 58 38 93 15 90 100 13 40 29 41 100 46 94  5 92 28 87 59 34 90  0 87 53 95 
71 91 67 43 56 41 20 82 53 73 71 47 46 10 76 79 77 98 23 67 32 58 48 41 25 38 11 12 66  1 22  2 76 25 31 87 79 45 59 42 49 23 29  8 42 95  5 18 65 68 97 35  1 84 60 45 85 20 94 58 73 69 51 91 86 75 100  8 21 35  9 90 82 74 61 44 94 14 50 33 26 78 12 61 99 69 70 58 55 58 47 72 80 100 24 88 87  0 74 83 
18  6  3 69 42 45  7 61 72 90 29 32 75 58 53 66 56 40 62 81 88 73 43 58 45 97  1 60 78 61 76 49 64 61 68 27  2 47 43 69 26 36 20 96 86 65 17 88 73 82 39 93 34 78  3 82 84  2 40 24 55  7 50  1 93 48 57 16 86 16 74 89 64 58 22 58 75 81 19 86 76 52 83 56 38 72 25 40 77 100 72 50 22 31 31 77 53 74  0 52 
45 46 29 23  4 63 60 63 18 94 65 88 20 64 78 93 56 20 74 31 62 19 69  3 56 18 25 13 31 94  9 41 48 86 72 91 19 79 53 94 97 47 24  4 66 41 22  1  8 68 82 19 83 96 25  7 11 48 10 11 99 68 43 86 98 25 66 12 47  4 37 58 27 12 24 84  4 18  7 23 41 55 86 57 60 24 52 62 59 58 90 68 59 41 82 41 95 83 52  0 

 0 32  5 21 99 43 52 90 24 33 54 14 79 22 90 50 76 43 25 97 84  7 75 56 85 44 29 11 99 41 70 81 35 91 47 26 25 88 59  5 61 67 71 28 88 34 39 59 27 71 94 41 67 42 40  4 97 75 67 54 66 35 56 34 54 87 82 64 50 15 87 85 94 58 34 90 42 18 86 38 12 75 50 17 12 26 24 37 19 73 34 13 22 54 92 99 45 57 50 68 
32  0 55 87 69 79 17 67 74 68 37 57 46 88 19  8 56 92 58 99 64 59 46 84 43 85 45 58 10 63 77 93 64 94 13 52 31 42  9 29 62 72  1 65 34 36 39 61  2 64 62 90 80 82 83 34 32 68 40 28 40 51 96 88 60 25 78 62  7 45  3 29  3 76 58 85 80 19 47 38 73 25 86  2 67 57 33 47 73 12 68 25 50  8 32 32 76 79 28 29 
 5 55  0 88 44 38 21 11 85 33 51 96 63 57 12 33 14 52 73 54  2 72 40 99 48 25 71 72 62 61 20 80  9 68 38 48 36 76 77 89 30 27 57 42 43 88 19 19 77 70 23  7 78 83 80 61 96 53 73 93 99 13 77 100  2 86 43 61 15 81 61 24 97 95 33 19 67 27 48 56 88 46 31 58 47 90 79  9 93 78 92 100 72 94  8 79 54 34  6 73 
21 87 88  0 98 41 16 31 48 40 49 24 23 48 66 77 49 73 52 98 39 21 38 47 20 28 15 40 77 38 26 35 41 99 34 30 98 10 44  5 11 90 44 23  4 89 67  9 71  6 96 30 24 39 12 88 23 15 24 99 66 81 10  1 39 21 18 94 99 22 23 22  8  2 37 56 57 95 89 60 65 51 86 20 97 34  4 31 99 18 91  5 48 22 76 94 10 14  7 42 
99 69 44 98  0 27 15 84 79  2 35 96 27 44 59 80 90 47 43 63 16 61  5 50 93 70 70 51 93 51 82 40 18 17 81 99 81 86 36 45 70 73  8  4 25 18 84 59 62 23 15 47 11 57 84 78  9 52  1 67  8  3 74  1  5 10  1 57 77 21 21 66 41 15 19 42 16 80 96 87 31 65 43 31 77 53 61 28 35 55 22  2 44 95 44 82  6 61  8 16 
43 79 38 41 27  0 76 86  8 76 78 99 94 21 89 66 37 18 80 72 19 76 75 69 26 95 38 57 44 58 70  9 60 80 84 31 57 93 41 85 73 82 76 24 56 34 77 92 49 81 81 13 78 81  1 95 31 87 34 45 22 88 21  1 49 79 51 77  6 30 58 69 43 46 82 65 47 73 84 59 37 57 29 50 74 10 48 53 64 25 86 53 28 59 32 28 96 33 34 20 
52 17 21 16 15 76  0 39 78 52 10 79 71 86 27 68 66 54  6 76 79 67 28 96 79 97 67 88 75 48 52 20 97 55 80 93 50 12 62 64 98 67  2 54 47 41 98 71 25 100 63 13  5 90 33 70 55 49 22 29 64 33 60 50 16 82  2 71 59  2 99 16 10 68 50 33  4 68 17 49 49 64 97 90  1 11 75 63 92 46 29 59 45 40 60 42 32  5 54 66 
90 67 11 31 84 86 39  0 58 32 57 89 10 69 12 30  7 72 64 91 91 47 16 42 39 51 84 99 98 31 10 37 12 87 51 67 47 16 13 24 24 94 94 63 85 96 27 38 80 40  7 58 25 29 100 42 56 22 41 51 13 59 70 50 11 70 88 76 36 73 16 41 79 23  2  1 60 53 80 50 43 99  3 22 34 51 24 45 57 29 51 89 18 99 13 14 52 93 75 77 
24 74 85 48 79  8 78 58  0 54 30 38  2 37 100 43 81 40 85 20 92 46 36 67 83 98 57 38  9 76 70 50 32 85 76 18 16 60 44 73 38 37  9 29 29 34 27 10 15 46 81 91 84 60 14 38 72 16 20 56 49 89 16 31 81 66 23 91 90 21 57 75 52  9 33 95  7 62 69 71 82 25 97 97 57 50 74 100 20 35 88 11 55 84 51 28 41 100 56 86 
33 68 33 40  2 76 52 32 54  0 78 86  3 24  9 76  5 26 34 99  7 53 88 65 43 33 39 73 41 35 85 100 50 40 35 13 60 69 24 66 31 15 46 97 98 72 56 40  8 88 51 11 62 87 91 17 12 25 63 34 37 67 77 15 80 41 77 91 26 32 58 30 23  6 70 10 59 96 27  5 80 91 92 79 57 33 97 26 58 50 69 12 100 54 78 88  5 56 99 22 
54 37 51 49 35 78 10 57 30 78  0 77 53 67 21 20 74 98 65 41 35 48 99 66 18 12 45 47 33 74 67 49 57 63 76 67 54 64 35 76 97 50 25 30 54 95 65 60 94 73 89 58 59  4 66 75 83 96 46 61 17 28  2 29 79 13 14 35 65 36 23 17 86 50  7 98 60 37  9 21 57  7 77 18 75 45 61 66 23 57 88 14 43 45 17 84 33 81 71 50 
14 57 96 24 96 99 79 89 38 86 77  0 36 55 65 46 18 35 77 17 69 41 88 74 24 47 51 35 87 42 54 89 50 55 18 87 97 15 41 87 86 48 85 25 45 39 40 36 56 56  2 25  5 20 99 75 11 13 94 59 87 47 49 81 69 45  5 36 48 92 95 81 96 12 96 59 66 33 76 47 33 93 55 22 16 64  8 29 89 20 41 25  9 74 75 57  6 77  9 84 
79 46 63 23 27 94 71 10  2  3 53 36  0 46 95 76 78 52 87 99  9 84 28 37 37 31 59 64 34 32 67 94 55 18 69 16 93  9 64 52 68 97 83 31 58 72 82 88 20  5 62 81 38 86 18 43  7 82 54 34 96 73 40 66 59 39 51 12 58 15 99 66 12 14 34 97 55 90 46 67 57 49  2 71 19 15 85 99 74  5 97  6 96 68 93  6 21 19 48  6 
22 88 57 48 44 21 86 69 37 24 67 55 46  0 25 18 86 96 25 71 40  3 26  1 31 80 81 32 54 54 57 11 78 74 19 42 11 30 22 97 20 15 93 17 79 59 91 80 77 33 33 50 71  8 13 49 66  6 85 15 10 95 88 47 20 54 92 77 73 66  4  6 86 34 79  4 80 55 83 70 85 34 14 20 33 35 63 48 69 92 42 49 29 84 62 77 49 96 73 89 
90 19 12 66 59 89 27 12 100  9 21 65 95 25  0 54 50 51 35 72 21 40 73  5 18 16 57 64 95 29 72 79 85 78 39 28 66 84 39 83 59  4 71 80  2 84 64 81 75 71 49 31 65 20 91 27 67 85 46 14 81 56 98 28 53  3 17  7 19 30 43 94 81 35 64 77  5 82 28 83 19 79  8 64 56 35 40 16 50 73 76 56 93 87 71 97 62 53 50 98 
50  8 33 77 80 66 68 30 43 76 20 46 76 18 54  0 57 14 60  1 61 88 27 10  1 54  1 24 12 67 41 10 29 19 11 89 72  4 97 38 45 23 46 28  3 65 25 68 22 19 88 80 38 99  3 86 48 38 83 63 37 40 65 53 14 11  9 78 63 98 40 11 14 21 36 21 91 62 76 95 81 94 46 78 81 49 84 99 20 15 37 17 46 90 30 25 45 53 87 34 
76 56 14 49 90 37 66  7 81  5 74 18 78 86 50 57  0 25 71 56 58 67 11 100  2 52  5 31 33 89 86 12 71 23 97 66 47 54  5 18 60 34 71 99 78 17 10 47 74 35 19 48 69 13 45 85 39 49 75  4 25 91 67 78  7 67 66 12 19 12 99 19 77 57 66 60 19 93 50 65 20 51 32 24 23 52  1 80 62 56 68 25 66 61 51 26 75 16 41 45 
43 92 52 73 47 18 54 72 40 26 98 35 52 96 51 14 25  0 38 95 14  1 45 84 92 96 76  8  4 61 96 45 59 83 46 47 66 95 58 57 13 10 64  5 35 43 90 27 42 86 12 54 93 57 16  1 74 71 99  8 13 96  9 12 25 93 37 40 88 89 64 18 68 70 51 25 85 41 86 90 30 52 40  1  5 92 76  4 52 38 35 90 35 23 32 98 29  1 89 65 
25 58 73 52 43 80  6 64 85 34 65 77 87 25 35 60 71 38  0 87 53 10 49 73 43 94 47 61 70 40 44 59 84 97 41 97 45  7 39 59 72 29 48 35 95 80 44 81 87 92 55 99 65 88 23 98 24 95 46 14 66 98 71  1 27 45 68 95 29 63 31 62 14 73 82 86 54 65 25 100 81 91 69 25 97 80 85 50 56 39 55 15 51 39 12 47 79 98 41 43 
97 99 54 98 63 72 76 91 20 99 41 17 99 71 72  1 56 95 87  0 24 65 42 66 58 12 78 30  9 77 77 65 22 86 27 54 29  9  2 93 34 97 32 91 82 13 69  4 70 20 40 40  6 63 40 87 69 34 49 32 47 44 83 39 60 81  5 38 23 64 82 79  5 80  8 88 40 39 28 42 85 41 69 91 92 30 99 67 33 31 78 70 16 40 10 94 65 36 87 21 
84 64  2 39 16 19 79 91 92  7 35 69  9 40 21 61 58 14 53 24  0 95  1 40 13 39 47 37 42 43 11 42 11 55 54 63 78 87 54 19 71 40 98 35 38 28 74  3 92 71 27 27 81 13  1 31 12 48 14  4 43 25 70  5 96 36 64 52 14 85 66 94 31 43  6 85 36 23 49  7 64 59 57 37 74 85 88 92 58 48 51 62 27 95 80 27 66 49 34 81 
 7 59 72 21 61 76 67 47 46 53 48 41 84  3 40 88 67  1 10 65 95  0 64 80 12 38 18 39 74 89 43 30 58  8 89 61 90 71 25 85 92 71 44  6 26 46 58 42 32  5 18 57 43 86 53 63 52 98 38 52 81 44 45 82 57 84 71 13 80 35 72 12 32 61 55 74 18 84 82  2 80 42 50 25  5 88 77  2 88 94 60 49 51 78 49 69 45 93 39 59 
75 46 40 38  5 75 28 16 36 88 99 88 28 26 73 27 11 45 49 42  1 64  0  9 33 38 74 40 90 19 96  7  4 70  4 21 34 94 26 15 27 25 40 44 73 55 35 77 30 64 58 36 59 18 31 53 100 15 60 15  7 10 80 45 50 11 95 33 68  2 74 87 31 58 100 45 33 92 64 91 28 100 21 62 71 42 23  6 12 63  3 74 73 64 15 66 40 77 17 88 
56 84 99 47 50 69 96 42 67 65 66 74 37  1  5 10 100 84 73 66 40 80  9  0 23 10 47 13 81  2  4  1 18 48 62  3 99 52 87 41 86 41 37 43 28 76 11 100  7 35  1 38 23 74 93 94 85 12  1 94 24 16 89  3 24 87 88 47 95 13 89 67 41 99 33 48 42 19 17 41 85 62 24 30 92 34 57 98 38 84 32 13 56 78  6 28 34  2 78 67 
85 43 48 20 93 26 79 39 83 43 18 24 37 31 18  1  2 92 43 58 13 12 33 23  0 37 61 30  9 34 82 42 71 93 91 63 52 89 71 73 68 26 10  5 52 95 12 52 54 45  1 80 28 100 70 51 67 38 44  1 27 94  7 91 65 31 39 85 95 41 78 25  6  8 93 36 25 39 87  8 81 75 28 63  6 38 17  5 16 10 62 40 35 54 23  6 45 25 62 90 
44 85 25 28 70 95 97 51 98 33 12 47 31 80 16 54 52 96 94 12 39 38 38 10 37  0 29 96 97 69 38 28 12 10 76 64 97 99 53 39 92  6 91 14 57  1 74 29 66 25  5  4 60 14 67 56 47 10 47 84 92 60 30 14 93 30 89 13 26 56 100 80 73 87 81 92 64 12 64 92 15 11 59 43 78  9  7 97 75 74 82 95 95  6 90 75 35 16 92 34 
29 45 71 15 70 38 67 84 57 39 45 51 59 81 57  1  5 76 47 78 47 18 74 47 61 29  0 92 47  3 85 29 16 26  4 66 36  1 51  1 35 25  9 58 18 14 38 58 34 28 51 62 57 73 100 98 11 56 99 19 88 51 15 16 11  6 33 30  8 18 45 71 61 39 11 86 76 98 99  3 81 87 40 46 65 73 66 63 10 47 38 29  4 12 24 68 21 13 38 98 
11 58 72 40 51 57 88 99 38 73 47 35 64 32 64 24 31  8 61 30 37 39 40 13 30 96 92  0 89  1 20 45 45 57 83 88 92 70 44 53 18 96 98 57  2 93 69 15 92 31 84 36 57 74 24 64  5 29 99 100 22 61 49 50 64 46 75 80 90 78 95 45 92 56 93  1 21 22 17  5  5 51 79 92  7 50  8 73 84 23 25 19 100 11 98 74 83 44 85 53 
99 10 62 77 93 44 75 98  9 41 33 87 34 54 95 12 33  4 70  9 42 74 90 81  9 97 47 89  0 37 58 14 100 17 87 58  9 13 34 69 24 24 49 83 35 84 56  4  4 42 12 75 32 36 43  2  2 64 41 75 67 80 69 51 47 19 49  9 96 47 51  2 60 99 10 83 20 10 77 11 30 47 83 84 11 22 90 21  1 16 33 99 40 85 54 83 69  1 26 60 
41 63 61 38 51 58 48 31 76 35 74 42 32 54 29 67 89 61 40 77 43 89 19  2 34 69  3  1 37  0 87 79 96 96 86 74  4 27 73 99 25 54 58 80 19 11 29 93 52 55  3 66 67 92  3 15 24 59 87 50 100 62 26  3 72 97 55 52 33 78 85 61 33 87 17 69  4  4 36 63 12  1 42 32 18 96 40 29 52 21 85 23 86 11 33 50 73 52 51 47 
70 77 20 26 82 70 52 10 70 85 67 54 67 57 72 41 86 96 44 77 11 43 96  4 82 38 85 20 58 87  0 90 15 64 21 59 62 83 48 16 89 70 89 27 35 69 25 64 73 100 75 91 56 62 43 73 31 44 65  3 99 87 32  7 36 43 99 61  4 46 85  8 39 40 38 61 99 18 90 32 80 84  4 40 77 67 78 90 24 60 73 83 90 67 58 33 97 10 20 34 
81 93 80 35 40  9 20 37 50 100 49 89 94 11 79 10 12 45 59 65 42 30  7  1 42 28 29 45 14 79 90  0 75 63 31 82 40 90 54 72 10  4 39 59 24 55 80 90 48 92 88 89 43 49 38 32 60 16  6 21  3 35 29 49 80 85 34 42 10 18 75 54 16 24 29 41 62 60  1 62  6 91 72 81  7 46  3 54 17 34 31 47 53 71 54 100 75 78 41 23 
35 64  9 41 18 60 97 12 32 50 57 50 55 78 85 29 71 59 84 22 11 58  4 18 71 12 16 45 100 96 15 75  0 21 11  9 83 56  4 88 14 64 14 83 84 20 20 44 46 81 75 89 26 15 58 24 48 58 43 26 95 19 56 97 57 89 76 19  5 32 66 11 32 82 60 13 51 29 97 62 61 11 37 63 85 93  1  1 81 16 28 53 17 41 19  3 48 56  5 97 
91 94 68 99 17 80 55 87 85 40 63 55 18 74 78 19 23 83 97 86 55  8 70 48 93 10 26 57 17 96 64 63 21  0 77 10 83  3 27 24 73 90 95 72 34 67  3 94  7 88  5 35 62 87 51 85 23 51  6 53 98  9 90 99 15  4 37 17  9 22 58 70 55 67 39 16 58 31 100 40 38 75 10 14 10 54 21 98 20 54 56 56 77  6 77 20 26 34 16 20 
47 13 38 34 81 84 80 51 76 35 76 18 69 19 39 11 97 46 41 27 54 89  4 62 91 76  4 83 87 86 21 31 11 77  0 75 48 59 76 86 25  6 76 95 74 50 74 93  6 76 53 95 71 49 17 30 74 43 81 11 15 92 56 66 66 16 98 84 42 81 66 35 75 75 70 66 95 33 26 49 30  6 92 56 87 59 94 61 53 51 50 47 18 99 89 93 49 76 92 71 
26 52 48 30 99 31 93 67 18 13 67 87 16 42 28 89 66 47 97 54 63 61 21  3 63 64 66 88 58 74 59 82  9 10 75  0 84 49 90 83 95 47 45 78 14 99 70 53  2 23 66 40 73 64 57 71 52 14 22 28 30 20 15 47  6 15 46 33 53 51 41 45 26 70 58  9 95 21  2 70  2 17 50 86 84 41 69 95 89 49 96 17 41 94  7 62 63 72 14 72 
25 31 36 98 81 57 50 47 16 60 54 97 93 11 66 72 47 66 45 29 78 90 34 99 52 97 36 92  9  4 62 40 83 83 48 84  0 64 65 10 73  4 20 25 100 59 77 46 65 10 35 81 46 73 33 21 65 96  1 94 22 80  7 55 86 74 41 70  9 87 77 51 55 63  9 97 99 10 58 12 38 48 86 45 23 36 51 55 71 71 34  9  3 89 59 26 62 31 32 47 
88 42 76 10 86 93 12 16 60 69 64 15  9 30 84  4 54 95  7  9 87 71 94 52 89 99  1 70 13 27 83 90 56  3 59 49 64  0 18 13 84 67 10 36 22 90 95 100 98 98 50 35 64 82 47 50  9 69 99 76 60 97 22 80 58 86 79 70 22 64 91 82 98 63 77 12 78 19 22 59 78 94 87  4 96 71 52 96 98 46 100 44 73 58 84 13 68 24 21 23 
59  9 77 44 36 41 62 13 44 24 35 41 64 22 39 97  5 58 39  2 54 25 26 87 71 53 51 44 34 73 48 54  4 27 76 90 65 18  0 56 93 44 52 81 81 13 39 29  6 31 22 91 83 34 92  6 26 81 77 95 46 35 34 65 78 12 39 25 45 85 39  6 42 60 95 71 92 27 55 29 45 63 95 89 64 17 42 42 25 35 47 24 17  8 32 70 48 16 78 11 
 5 29 89  5 45 85 64 24 73 66 76 87 52 97 83 38 18 57 59 93 19 85 15 41 73 39  1 53 69 99 16 72 88 24 86 83 10 13 56  0  7 39 53 59 58 17 64 34 87 25 91 49 41 95 12 14 30 47 77 42  8 21 60 63  2 28  3 12 60  4 71 91 31 14 70 50 86 53 49 60 21  3 87 98 32 27 13 54 13 70 65 28 40  5 77 44 86 51 18 96 
61 62 30 11 70 73 98 24 38 31 97 86 68 20 59 45 60 13 72 34 71 92 27 86 68 92 35 18 24 25 89 10 14 73 25 95 73 84 93  7  0 14 56 16 71 100 67 82 49 21 45 40 67  8 11 37 87 30 84 72 34 80 36 77 75 56 82 68 35 83  7 32 67 39 54 94 79 15 51 73  4 48 65 30 13 45 80 93 67  6 14 48 15 28 49 19 72 44 34 95 
67 72 27 90 73 82 67 94 37 15 50 48 97 15  4 23 34 10 29 97 40 71 25 41 26  6 25 96 24 54 70  4 64 90  6 47  4 67 44 39 14  0 100 90 30 46 60 49  6 80 45 65 91 66 70 48 82 69 65 13 50 93 66 47 56 93 86 35 38 11 10 29 39 62 21 53 64 34 10 74 21 38  7 19  5 11  4 26 66 13 87  2 93 45 66 99  2 20 99 80 
71  1 57 44  8 76  2 94  9 46 25 85 83 93 71 46 71 64 48 32 98 44 40 37 10 91  9 98 49 58 89 39 14 95 76 45 20 10 52 53 56 100  0 80 71 85 88 28 57 75 88 63 58 68 72 62  3  2 69 76 65 94 34 17 49 92 65 91 81 76 57 78 29 12 69 54 47 10  4 50 23 55 100 100 32 32 92 42 42 46 61 61 52 15 92 53 80 61 26 86 
28 65 42 23  4 24 54 63 29 97 30 25 31 17 80 28 99  5 35 91 35  6 44 43  5 14 58 57 83 80 27 59 83 72 95 78 25 36 81 59 16 90 80  0 28  2 94 99 45  6 94 15 61 53 38 56 23 86 23 53 83 57 24 55 27 75 60 20 72 50 27 16 21 90 37 26 72  2 71 99 78 65 22 89 100 97 93 64 60 93 46 57 67 37 13 23 59 52  2 67 
88 34 43  4 25 56 47 85 29 98 54 45 58 79  2  3 78 35 95 82 38 26 73 28 52 57 18  2 35 19 35 24 84 34 74 14 100 22 81 58 71 30 71 28  0 49 91 41 51 49 23 71 61 14 44 38 78 95 20 53 11 30 27 60 41 85 37  9 64 49 40 79 78 15 78 20 32 92 16 54 44 96 32 91 100 99 11 56  5 66 40 54 50 26 80 25 12 83 56 100 
34 36 88 89 18 34 41 96 34 72 95 39 72 59 84 65 17 43 80 13 28 46 55 76 95  1 14 93 84 11 69 55 20 67 50 99 59 90 13 17 100 46 85  2 49  0 33 74 72 26  1 22 80 82 95 100 62 34 27  8 71  9 11 85 83 53 24 58 35 66 23 25 18  2 58 45 84 18 82 97  3  4 16 95 91 70 54 15 80 99 49 94 84 34 37 74 83 81  4 81 
39 39 19 67 84 77 98 27 27 56 65 40 82 91 64 25 10 90 44 69 74 58 35 11 12 74 38 69 56 29 25 80 20  3 74 70 77 95 39 64 67 60 88 94 91 33  0 94 81 38 34 79 64 73 97 100 55 11 67 78 52 92 57 75 58  3  6 40 35 21 93 25 67 12 69 97  9 48 42 34 64 15 42  8 77 28 29 20 61 38 75 49 69  2 93 60 91 70 59 91 
59 61 19  9 59 92 71 38 10 40 60 36 88 80 81 68 47 27 81  4  3 42 77 100 52 29 58 15  4 93 64 90 44 94 93 53 46 100 29 34 82 49 28 99 41 74 94  0 76 93 68 77 81 40 67 92 34 13 52 74 71 77 93 37 91 59 11 87  4  3 82  1 90 92 49 52  7 12 68 99 54 63 31 20 17 88 52  6 82 14 78  8 24 78 49 86 37 37 61 62 
27  2 77 71 62 49 25 80 15  8 94 56 20 77 75 22 74 42 87 70 92 32 30  7 54 66 34 92  4 52 73 48 46  7  6  2 65 98  6 87 49  6 57 45 51 72 81 76  0 68 30 91 30 40 60 13  1 56 16 71 10 98 50 89 72 27 11 75 60 65 87  8 40  9 69 14 40 35 76 52 74 17 66 87 16 87 44 41 29 73 37 84 28 51 75 82  1 81 67 50 
71 64 70  6 23 81 100 40 46 88 73 56  5 33 71 19 35 86 92 20 71  5 64 35 45 25 28 31 42 55 100 92 81 88 76 23 10 98 31 25 21 80 75  6 49 26 38 93 68  0 42  3 100 69 100 29 74 20 84  2 52 81 33 42 44 56 61 20 46 14 92 93 76 66 62 54 72 28 76 20 30 65 25  6 67  3 31 51 63 34 96 37  2 47 96  9 76 57 34 50 
94 62 23 96 15 81 63  7 81 51 89  2 62 33 49 88 19 12 55 40 27 18 58  1  1  5 51 84 12  3 75 88 75  5 53 66 35 50 22 91 45 45 88 94 23  1 34 68 30 42  0  7  9 26 41 52 80 32 72 94 65 22 96 59 50 23 83 70 99 25 59 10 49 17 74 15 28 67 100 39 94 55 34 49 81 54 92 61 68 32 59 49 29 30  2 11 74 22 75 38 
41 90  7 30 47 13 13 58 91 11 58 25 81 50 31 80 48 54 99 40 27 57 36 38 80  4 62 36 75 66 91 89 89 35 95 40 81 35 91 49 40 65 63 15 71 22 79 77 91  3  7  0 77 90 29 42 77 42 70 12 45 14 15 19 40 62 34 38 62 26 11 61 24 20 13 63 19 61 88 50 85 17 60 78  3 11 17 26 23 81 99 65 28  6 74 100 19 88 40 70 
67 80 78 24 11 78  5 25 84 62 59  5 38 71 65 38 69 93 65  6 81 43 59 23 28 60 57 57 32 67 56 43 26 62 71 73 46 64 83 41 67 91 58 61 61 80 64 81 30 100  9 77  0 31 19 75  5 96 93 60 67 22 83 61 93 74 46  2 34 11 21 20  1 82 80 19 65 10 87 40 77 72 94 86 99 14 49 97 42 54 71 73 22 42 35 67 54 75 78 100 
42 82 83 39 57 81 90 29 60 87  4 20 86  8 20 99 13 57 88 63 13 86 18 74 100 14 73 74 36 92 62 49 15 87 49 64 73 82 34 95  8 66 68 53 14 82 73 40 40 69 26 90 31  0 11 70 18 73 67 52 53 36 27 51  4 35  4 100 94 81 43 12 14 23 11 27 61 72 23 72 84 64 100 17 83 89 12 52 26 35 62 66 86 77 42 11 48 85 82 46 
40 83 80 12 84  1 33 100 14 91 66 99 18 13 91  3 45 16 23 40  1 53 31 93 70 67 100 24 43  3 43 38 58 51 17 57 33 47 92 12 11 70 72 38 44 95 97 67 60 100 41 29 19 11  0 86 100 52 49 96  3 24 42 27 32 94  7  5 48 56 42 16 89 24 34 42  9 53 36 84 35 85 87  1 61 62 89 58 39 27 18 49  6 99 40 30 93 99 88 78 
 4 34 61 88 78 95 70 42 38 17 75 75 43 49 27 86 85  1 98 87 31 63 53 94 51 56 98 64  2 15 73 32 24 85 30 71 21 50  6 14 37 48 62 56 38 100 100 92 13 29 52 42 75 70 86  0 29  7 21 13 100 70 41 53 37 32 83 68 23 30 18 39 79 95 57 84 54 55 99 47 51 31 42 87 69  7 13 48 11 55 40 57 36 53 49 29 93 60 80 10 
97 32 96 23  9 31 55 56 72 12 83 11  7 66 67 48 39 74 24 69 12 52 100 85 67 47 11  5  2 24 31 60 48 23 74 52 65  9 26 30 87 82  3 23 78 62 55 34  1 74 80 77  5 18 100 29  0 88 22 98 34  4 73 98  1 96 81 68 91 88 60 20 40  7  5 100 28 79 94 31 56 21 25 35 99 56 19 11 16 58 71 34 92 44 13 88 51 11 35 83 
75 68 53 15 52 87 49 22 16 25 96 13 82  6 85 38 49 71 95 34 48 98 15 12 38 10 56 29 64 59 44 16 58 51 43 14 96 69 81 47 30 69  2 86 95 34 11 13 56 20 32 42 96 73 52  7 88  0 33 43 81 25 61 43 89 17 61 48 97 56 30 31 10 74 65  6 37 99 77 62 87 100  5  8 78 82 73 38  1 66 97  3 94 14 16 26 38  9 68 91 
67 40 73 24  1 34 22 41 20 63 46 94 54 85 46 83 75 99 46 49 14 38 60  1 44 47 99 99 41 87 65  6 43  6 81 22  1 99 77 77 84 65 69 23 20 27 67 52 16 84 72 70 93 67 49 21 22 33  0 14 80 69 59 50  1 71 68 38 41 12 31 60 94 77 63 75 27 42 13 80 48 25 90 66 33 61  6 20 35 60  7  4 31 91 23 33 45 26 75 43 
54 28 93 99 67 45 29 51 56 34 61 59 34 15 14 63  4  8 14 32  4 52 15 94  1 84 19 100 75 50  3 21 26 53 11 28 94 76 95 42 72 13 76 53 53  8 78 74 71  2 94 12 60 52 96 13 98 43 14  0 21 45 98  8 35  6  7 72 15 90 60 87 86 19 93 87 81 93 88 32 34 79 79 47 67 65 42 72 37 90 49 40 65 26 21 39 23 62  6 48 
66 40 99 66  8 22 64 13 49 37 17 87 96 10 81 37 25 13 66 47 43 81  7 24 27 92 88 22 67 100 99  3 95 98 15 30 22 60 46  8 34 50 65 83 11 71 52 71 10 52 65 45 67 53  3 100 34 81 80 21  0 88 55 85 63 34 99 43 48 88 35 80 48 58 28  4  5 99 14  7 64 58 60 42  4 92 67 12 73 93  5 43 85 37 38 70 69 65 46 11 
35 51 13 81  3 88 33 59 89 67 28 47 73 95 56 40 91 96 98 44 25 44 10 16 94 60 51 61 80 62 87 35 19  9 92 20 80 97 35 21 80 93 94 57 30  9 92 77 98 81 22 14 22 36 24 70  4 25 69 45 88  0  1 30 80 34 88 26 28 47 22 99 32 40 53 83 44  9 12 62 55 42 75 61 65 16 25 21 43 18 91 91 28 49 96 27 22 99 20 85 
56 96 77 10 74 21 60 70 16 77  2 49 40 88 98 65 67  9 71 83 70 45 80 89  7 30 15 49 69 26 32 29 56 90 56 15  7 22 34 60 36 66 34 24 27 11 57 93 50 33 96 15 83 27 42 41 73 61 59 98 55  1  0 40 84 42 98 29 26 48 92 41 71 99 10 33 23 46 41 29 45 28 99  2 16  5 57 98 77  2 40  6  6 26 40 15 92 70 25  3 
34 88 100  1  1  1 50 50 31 15 29 81 66 47 28 53 78 12  1 39  5 82 45  3 91 14 16 50 51  3  7 49 97 99 66 47 55 80 65 63 77 47 17 55 60 85 75 37 89 42 59 19 61 51 27 53 98 43 50  8 85 30 40  0 89 44 46 29 16 70 49  2 80  3 53 98 85 80 24 86 54 90 75 15 96 88 69 36 72 11 18 72 15 72 68 21 40 22 64 56 
54 60  2 39  5 49 16 11 81 80 79 69 59 20 53 14  7 25 27 60 96 57 50 24 65 93 11 64 47 72 36 80 57 15 66  6 86 58 78  2 75 56 49 27 41 83 58 91 72 44 50 40 93  4 32 37  1 89  1 35 63 80 84 89  0 11 86 18 68 13  5 42  3 31 29 61 52 45 18 45 29 24  2 45 68 86 19 42 67  9 66 80  3 53 36 51 34 75 20 56 
87 25 86 21 10 79 82 70 66 41 13 45 39 54  3 11 67 93 45 81 36 84 11 87 31 30  6 46 19 97 43 85 89  4 16 15 74 86 12 28 56 93 92 75 85 53  3 59 27 56 23 62 74 35 94 32 96 17 71  6 34 34 42 44 11  0 26 23 99  6 88 58 15 45 47 56 31 82 33 50  1 14 73 16 35 61 14 67 79 74 62 32 45 77 46 47 52 32 12  5 
82 78 43 18  1 51  2 88 23 77 14  5 51 92 17  9 66 37 68  5 64 71 95 88 39 89 33 75 49 55 99 34 76 37 98 46 41 79 39  3 82 86 65 60 37 24  6 11 11 61 83 34 46  4  7 83 81 61 68  7 99 88 98 46 86 26  0 40 39 55 14 15 98 38 18 98  9 97 41 88 47 37 80  9 68 74 51 48  9 27 84 98 58 32 26 69 54 86 67 98 
64 62 61 94 57 77 71 76 91 91 35 36 12 77  7 78 12 40 95 38 52 13 33 47 85 13 30 80  9 52 61 42 19 17 84 33 70 70 25 12 68 35 91 20  9 58 40 87 75 20 70 38  2 100  5 68 68 48 38 72 43 26 29 29 18 23 40  0 10  9 51 54 22 73 72 62 55  5 69 93 20 45 27 35 41 21  6  7  5 49 12  9 95 16 43 75 50 38 93 15 
50  7 15 99 77  6 59 36 90 26 65 48 58 73 19 63 19 88 29 23 14 80 68 95 95 26  8 90 96 33  4 10  5  9 42 53  9 22 45 60 35 38 81 72 64 35 35  4 60 46 99 62 34 94 48 23 91 97 41 15 48 28 26 16 68 99 39 10  0 71 17 34 75 89 74 34 100 34 40 37 94 27 53  7 72 58 70 98 97 51 83 55 11 80 93 95 57 77 93  3 
15 45 81 22 21 30  2 73 21 32 36 92 15 66 30 98 12 89 63 64 85 35  2 13 41 56 18 78 47 78 46 18 32 22 81 51 87 64 85  4 83 11 76 50 49 66 21  3 65 14 25 26 11 81 56 30 88 56 12 90 88 47 48 70 13  6 55  9 71  0 80 64 33 53 65 63 40 35 44 18 90 83 48 49 25 55 74 28 77 91 13 77 90 59 55 91 89 33 46 100 
87  3 61 23 21 58 99 16 57 58 23 95 99  4 43 40 99 64 31 82 66 72 74 89 78 100 45 95 51 85 85 75 66 58 66 41 77 91 39 71  7 10 57 27 40 23 93 82 87 92 59 11 21 43 42 18 60 30 31 60 35 22 92 49  5 88 14 51 17 80  0 72 64 71 84 24  5 48 96  9 35 38 63 24 19 96 16 81 100 13 37 55 29 40  2 70 95 50 23 55 
85 29 24 22 66 69 16 41 75 30 17 81 66  6 94 11 19 18 62 79 94 12 87 67 25 80 71 45  2 61  8 54 11 70 35 45 51 82  6 91 32 29 78 16 79 25 25  1  8 93 10 61 20 12 16 39 20 31 60 87 80 99 41  2 42 58 15 54 34 64 72  0 50 97 53 47 81 13 81 86 39 30 68  2 86 47 87 95 82  7 64 23 11 25 14  9 93  7 25 83 
94  3 97  8 41 43 10 79 52 23 86 96 12 86 81 14 77 68 14  5 31 32 31 41  6 73 61 92 60 33 39 16 32 55 75 26 55 98 42 31 67 39 29 21 78 18 67 90 40 76 49 24  1 14 89 79 40 10 94 86 48 32 71 80  3 15 98 22 75 33 64 50  0 21 50  6 93 76 47 64 65 75 11 24  9 16 68 12  2 39 60  6 47 19  5 69 63 54 56 65 
58 76 95  2 15 46 68 23  9  6 50 12 14 34 35 21 57 70 73 80 43 61 58 99  8 87 39 56 99 87 40 24 82 67 75 70 63 63 60 14 39 62 12 90 15  2 12 92  9 66 17 20 82 23 24 95  7 74 77 19 58 40 99  3 31 45 38 73 89 53 71 97 21  0 47 65 63 15 23 75 69 67 48 15 38 64  7 75 76 86 21 30 53 59 65 92 98 95 93 35 
34 58 33 37 19 82 50  2 33 70  7 96 34 79 64 36 66 51 82  8  6 55 100 33 93 81 11 93 10 17 38 29 60 39 70 58  9 77 95 70 54 21 69 37 78 58 69 49 69 62 74 13 80 11 34 57  5 65 63 93 28 53 10 53 29 47 18 72 74 65 84 53 50 47  0 15 49 64 85 74 81 13 13 13 12 31 11 83 51 17 86 35 87 18 89 41 72 19 77 86 
90 85 19 56 42 65 33  1 95 10 98 59 97  4 77 21 60 25 86 88 85 74 45 48 36 92 86  1 83 69 61 41 13 16 66  9 97 12 71 50 94 53 54 26 20 45 97 52 14 54 15 63 19 27 42 84 100  6 75 87  4 83 33 98 61 56 98 62 34 63 24 47  6 65 15  0  8 73 71 15  2 80 97 63 51 63 48 29  6 67 53 38  5 89 14 71 50 56  7 21 
42 80 67 57 16 47  4 60  7 59 60 66 55 80  5 91 19 85 54 40 36 18 33 42 25 64 76 21 20  4 99 62 51 58 95 95 99 78 92 86 79 64 47 72 32 84  9  7 40 72 28 19 65 61  9 54 28 37 27 81  5 44 23 85 52 31  9 55 100 40  5 81 93 63 49  8  0 80 94 55 72 65 49 47 34 11 67 60 27 50  4 47 33 23 76 77 46 15 78 23 
18 19 27 95 80 73 68 53 62 96 37 33 90 55 82 62 93 41 65 39 23 84 92 19 39 12 98 22 10  4 18 60 29 31 33 21 10 19 27 53 15 34 10  2 92 18 48 12 35 28 67 61 10 72 53 55 79 99 42 93 99  9 46 80 45 82 97  5 34 35 48 13 76 15 64 73 80  0 14 76 91 63  7 48  2 11 40 51  7 77 85  6 50 38 48 64 53 80 61 76 
86 47 48 89 96 84 17 80 69 27  9 76 46 83 28 76 50 86 25 28 49 82 64 17 87 64 99 17 77 36 90  1 97 100 26  2 58 22 55 49 51 10  4 71 16 82 42 68 76 76 100 88 87 23 36 99 94 77 13 88 14 12 41 24 18 33 41 69 40 44 96 81 47 23 85 71 94 14  0 15 43 51 51 42 97 15 67 86 84 29 10 78 93 77 12  3 22 68 72 32 
38 38 56 60 87 59 49 50 71  5 21 47 67 70 83 95 65 90 100 42  7  2 91 41  8 92  3  5 11 63 32 62 62 40 49 70 12 59 29 60 73 74 50 99 54 97 34 99 52 20 39 50 40 72 84 47 31 62 80 32  7 62 29 86 45 50 88 93 37 18  9 86 64 75 74 15 55 76 15  0 40 72 44  5 32  3 15 24 66 97 70 46 89 64  9 61 93 90 75 84 
12 73 88 65 31 37 49 43 82 80 57 33 57 85 19 81 20 30 81 85 64 80 28 85 81 15 81  5 30 12 80  6 61 38 30  2 38 78 45 21  4 21 23 78 44  3 64 54 74 30 94 85 77 84 35 51 56 87 48 34 64 55 45 54 29  1 47 20 94 90 35 39 65 69 81  2 72 91 43 40  0 30 55 91 26 88 67  8 34 75  2  4 33 93 40 10 31 22 66 21 
75 25 46 51 65 57 64 99 25 91  7 93 49 34 79 94 51 52 91 41 59 42 100 62 75 11 87 51 47  1 84 91 11 75  6 17 48 94 63  3 48 38 55 65 96  4 15 63 17 65 55 17 72 64 85 31 21 100 25 79 58 42 28 90 24 14 37 45 27 83 38 30 75 67 13 80 65 63 51 72 30  0 32 76 47 80 39 50 25 88 68 80 31 99 21 34 72 13 77 90 
50 86 31 86 43 29 97  3 97 92 77 55  2 14  8 46 32 40 69 69 57 50 21 24 28 59 40 79 83 42  4 72 37 10 92 50 86 87 95 87 65  7 100 22 32 16 42 31 66 25 34 60 94 100 87 42 25  5 90 79 60 75 99 75  2 73 80 27 53 48 63 68 11 48 13 97 49  7 51 44 55 32  0 99 14 100  8  5 35 35  8 87 50 67 44 82 62 70 66 14 
17  2 58 20 31 50 90 22 97 79 18 22 71 20 64 78 24  1 25 91 37 25 62 30 63 43 46 92 84 32 40 81 63 14 56 86 45  4 89 98 30 19 100 89 91 95  8 20 87  6 49 78 86 17  1 87 35  8 66 47 42 61  2 15 45 16  9 35  7 49 24  2 24 15 13 63 47 48 42  5 91 76 99  0 25 20  7 62 50 28 90 65 43 14  7 75 29 100 32 69 
12 67 47 97 77 74  1 34 57 57 75 16 19 33 56 81 23  5 97 92 74  5 71 92  6 78 65  7 11 18 77  7 85 10 87 84 23 96 64 32 13  5 32 100 100 91 77 17 16 67 81  3 99 83 61 69 99 78 33 67  4 65 16 96 68 35 68 41 72 25 19 86  9 38 12 51 34  2 97 32 26 47 14 25  0 60 85 20  7 57 13 40 86 45 77 94  5 51 84 49 
26 57 90 34 53 10 11 51 50 33 45 64 15 35 35 49 52 92 80 30 85 88 42 34 38  9 73 50 22 96 67 46 93 54 59 41 36 71 17 27 45 11 32 97 99 70 28 88 87  3 54 11 14 89 62  7 56 82 61 65 92 16  5 88 86 61 74 21 58 55 96 47 16 64 31 63 11 11 15  3 88 80 100 20 60  0 69 40 76 63 43 96 16 56 56 38 47 97 12 80 
24 33 79  4 61 48 75 24 74 97 61  8 85 63 40 84  1 76 85 99 88 77 23 57 17  7 66  8 90 40 78  3  1 21 94 69 51 52 42 13 80  4 92 93 11 54 29 52 44 31 92 17 49 12 89 13 19 73  6 42 67 25 57 69 19 14 51  6 70 74 16 87 68  7 11 48 67 40 67 15 67 39  8  7 85 69  0 75 95 58 58 63 62 42  9 47  5 50 94 26 
37 47  9 31 28 53 63 45 100 26 66 29 99 48 16 99 80  4 50 67 92  2  6 98  5 97 63 73 21 29 90 54  1 98 61 95 55 96 42 54 93 26 42 64 56 15 20  6 41 51 61 26 97 52 58 48 11 38 20 72 12 21 98 36 42 67 48  7 98 28 81 95 12 75 83 29 60 51 86 24  8 50  5 62 20 40 75  0 51 11  4 58 83 75 71 12  4 78 47 88 
19 73 93 99 35 64 92 57 20 58 23 89 74 69 50 20 62 52 56 33 58 88 12 38 16 75 10 84  1 52 24 17 81 20 53 89 71 98 25 13 67 66 42 60  5 80 61 82 29 63 68 23 42 26 39 11 16  1 35 37 73 43 77 72 67 79  9  5 97 77 100 82  2 76 51  6 27  7 84 66 34 25 35 50  7 76 95 51  0 56 17 40 72 82 67 76 69 53 36  5 
73 12 78 18 55 25 46 29 35 50 57 20  5 92 73 15 56 38 39 31 48 94 63 84 10 74 47 23 16 21 60 34 16 54 51 49 71 46 35 70  6 13 46 93 66 99 38 14 73 34 32 81 54 35 27 55 58 66 60 90 93 18  2 11  9 74 27 49 51 91 13  7 39 86 17 67 50 77 29 97 75 88 35 28 57 63 58 11 56  0 22 47 97 11 52 36 29 72  6 89 
34 68 92 91 22 86 29 51 88 69 88 41 97 42 76 37 68 35 55 78 51 60  3 32 62 82 38 25 33 85 73 31 28 56 50 96 34 100 47 65 14 87 61 46 40 49 75 78 37 96 59 99 71 62 18 40 71 97  7 49  5 91 40 18 66 62 84 12 83 13 37 64 60 21 86 53  4 85 10 70  2 68  8 90 13 43 58  4 17 22  0 69 36 56 21 19 26 17 81 17 
13 25 100  5  2 53 59 89 11 12 14 25  6 49 56 17 25 90 15 70 62 49 74 13 40 95 29 19 99 23 83 47 53 56 47 17  9 44 24 28 48  2 61 57 54 94 49  8 84 37 49 65 73 66 49 57 34  3  4 40 43 91  6 72 80 32 98  9 55 77 55 23  6 30 35 38 47  6 78 46  4 80 87 65 40 96 63 58 40 47 69  0  1 30 75 32 52 17 91  4 
22 50 72 48 44 28 45 18 55 100 43  9 96 29 93 46 66 35 51 16 27 51 73 56 35 95  4 100 40 86 90 53 17 77 18 41  3 73 17 40 15 93 52 67 50 84 69 24 28  2 29 28 22 86  6 36 92 94 31 65 85 28  6 15  3 45 58 95 11 90 29 11 47 53 87  5 33 50 93 89 33 31 50 43 86 16 62 83 72 97 36  1  0 75 85 81 39 19 26 85 
54  8 94 22 95 59 40 99 84 54 45 74 68 84 87 90 61 23 39 40 95 78 64 78 54  6 12 11 85 11 67 71 41  6 99 94 89 58  8  5 28 45 15 37 26 34  2 78 51 47 30  6 42 77 99 53 44 14 91 26 37 49 26 72 53 77 32 16 80 59 40 25 19 59 18 89 23 38 77 64 93 99 67 14 45 56 42 75 82 11 56 30 75  0 95 80 85 37 56 31 
92 32  8 76 44 32 60 13 51 78 17 75 93 62 71 30 51 32 12 10 80 49 15  6 23 90 24 98 54 33 58 54 19 77 89  7 59 84 32 77 49 66 92 13 80 37 93 49 75 96  2 74 35 42 40 49 13 16 23 21 38 96 40 68 36 46 26 43 93 55  2 14  5 65 89 14 76 48 12  9 40 21 44  7 77 56  9 71 67 52 21 75 85 95  0 59 61 37 29 75 
99 32 79 94 82 28 42 14 28 88 84 57  6 77 97 25 26 98 47 94 27 69 66 28  6 75 68 74 83 50 33 100  3 20 93 62 26 13 70 44 19 99 53 23 25 74 60 86 82  9 11 100 67 11 30 29 88 26 33 39 70 27 15 21 51 47 69 75 95 91 70  9 69 92 41 71 77 64  3 61 10 34 82 75 94 38 47 12 76 36 19 32 81 80 59  0 32 21 54 84 
45 76 54 10  6 96 32 52 41  5 33  6 21 49 62 45 75 29 79 65 66 45 40 34 45 35 21 83 69 73 97 75 48 26 49 63 62 68 48 86 72  2 80 59 12 83 91 37  1 76 74 19 54 48 93 93 51 38 45 23 69 22 92 40 34 52 54 50 57 89 95 93 63 98 72 50 46 53 22 93 31 72 62 29  5 47  5  4 69 29 26 52 39 85 61 32  0 10 38 80 
57 79 34 14 61 33  5 93 100 56 81 77 19 96 53 53 16  1 98 36 49 93 77  2 25 16 13 44  1 52 10 78 56 34 76 72 31 24 16 51 44 20 61 52 83 81 70 37 81 57 22 88 75 85 99 60 11  9 26 62 65 99 70 22 75 32 86 38 77 33 50  7 54 95 19 56 15 80 68 90 22 13 70 100 51 97 50 78 53 72 17 17 19 37 37 21 10  0 91 37 
50 28  6  7  8 34 54 75 56 99 71  9 48 73 50 87 41 89 41 87 34 39 17 78 62 92 38 85 26 51 20 41  5 16 92 14 32 21 78 18 34 99 26  2 56  4 59 61 67 34 75 40 78 82 88 80 35 68 75  6 46 20 25 64 20 12 67 93 93 46 23 25 56 93 77  7 78 61 72 75 66 77 66 32 84 12 94 47 36  6 81 91 26 56 29 54 38 91  0  2 
68 29 73 42 16 20 66 77 86 22 50 84  6 89 98 34 45 65 43 21 81 59 88 67 90 34 98 53 60 47 34 23 97 20 71 72 47 23 11 96 95 80 86 67 100 81 91 62 50 50 38 70 100 46 78 10 83 91 43 48 11 85  3 56 56  5 98 15  3 100 55 83 65 35 86 21 23 76 32 84 21 90 14 69 49 80 26 88  5 89 17  4 85 31 75 84 80 37  2  0 
