facilities = 100 objectives = 2 max_distances = 100 max flows = 100 correlation = 0.500000 seed = 1137708844
 0 19 56 15 96 74 70 94 84 80 71 11 40 80 80 84 75  2 50 19 91 79 54 72 92 50 18 16 23 98 63 14 31 51 41 43 100 52 37 12 16 82 95 42 81 36 46 58 82 27 40 88 50 99 96 75 87 77 41 20 18 12 21 44 70  9 49 97 30 25 14 100 74 51 61 72 13 72 61  2 12 76 89 73 31 81 82 26 68 35  9 72 19 11 68 82 60  5 52 82 
19  0 16 36 18 38  3 37 69 51 52 59 58 67 72 69 49 45  1 28  6 58  7 60 49  3  7 69 37 30  5 70 59 26 88 75 82 78 68 98 14 55 61 53 76 74 32 14 71 52 87 98  1 15 75 83  7 19 68 15 61 54 44 66  3 68 94 35 98 66 68 68 80 48 35 51 87 42 57 11 94 20 34  2 97 96 48  9 74 61 20 93 40 52 87 38 50 62  7 39 
56 16  0 49 47 38 31 92 15 75 15 54 72 61 53 84 64 83 70 22 61 46 35 83 18 32 56 30 68 24 92 12 12 30  7 78 97 69 49 87 39 63 40 70 74 99 34 58 44  6 92 33 10 96 52  1 50 29 48 31  4 78 99 35 44 39 69 93 31 47 77 29 54 77 93 67 69 58 85 18 71 96  2 57 72 53 20 42 48  6 76 11 97 34 38 97 49  4  7 77 
15 36 49  0 92 32 85 91 67 96 27 46 14 78  5  5 43  3 38 41 24 59 93 75 86 84 38 100 55  2 60 55 78 33 89 58 80  1 40 56 51 45 15 16 11 25 91 52  5 85 13 58 39 91 46 78 99 100 81 55 19 61 47 66 49 92 42 15 83 23 26 68  9 35  2 84  6  3 27 72 87 46  7 13 57 88 37 35 75 43 20 35 42 96 44 36 16 61 34 73 
96 18 47 92  0 96 29 63 48 98 83 69 56 87 56 96 79  7 38 97 59 95 44 23 55 75 52 34 71  3 76 29  5 75 60 13 33 98 42 18 78 92  4 30 59 56 78 40  9 63 46 88 31 64 31 59 29 11 49 93 62 72 84 47  2  3 59 12 77 42 75 75 39 81 35 30 35 76 16 89 71 32 96 56 40 21  3 19 45 43 81 14 20 96 14 78 73 70 52 66 
74 38 38 32 96  0  8 43 70 17 100  6 85 65 40 25 40 26 88 85 47 13 23 21 33 46 43 80 48 47 57 70 37  5 62  6 85 54 85 96 47 71 71 33 51 44 68 28 85 11 92 82  7 58  2 83 47 86  4 12 70 69 54 52 74 49 16 13 36  2 76 32 26 63 28 75 97 41 13 99 79 29 91 29 21 52 48 25 88 68 17 55 54  2 45 80 48 53 89 75 
70  3 31 85 29  8  0 72 19 19 67 81 22 76 95 17 74 83 11 89 10 37 22 25 24 52 18 77 55 24 14 56 39 61 43 39 15 15 30 41 49 66  9  9 13 82  8 27 76 97 77 56  2 62 50 60 55 23 41 52 29 80 38 57 59 13 83 44 38 62 100 63 33 19 54 15 54 100 95  5 51 88 46 31 84 92 56 94 83 93 86 48 50 59 75 19 82 35 88 11 
94 37 92 91 63 43 72  0 27 64 27 71 68  4 79 21 12 56 73 80  2 22 76 55  7 81 33 38 47 78 60 50 87 67 11 37 67  5  6 71 54 34 71 69 89 10 75 30 70 22 73  4 35 67 60 74 37 14 35 29 36 87 16 64 84 64 14 72 74 41 58 78 58 80 27 73 89 69 85 15 86 76 20 37 99 72 97 89 80 30 30 69  1  7 72 55 88 60 50 42 
84 69 15 67 48 70 19 27  0 11 31 87 17 18 56 54 58  4 92 43 78 62 29 55 73  8 28  4 23 65 96 71 60 11 18 77 69 99 82 18 66 73 38 99 56 45 51 11 86  4 68 75 78 83 20 54 34 30 34 99 44 48 29 20 30 62 26 31 76 85 51 38 73  6 25 94 48 82 54 35 40 100 35 74 64 20 69 11 59 10 18 20 88 57 95 49 95 31 82 58 
80 51 75 96 98 17 19 64 11  0 56 78 46 12 25  3 50 29 85 20 23 64 81 30 51 74 63 48 46  3 69 42 67 28 98 76 90 27 89 71  5 18 27  3 63 69 81 34 22 94 44 44  6 95 90 75 70 63 33 77 18 50 66 79 65 14 56 15 50 99 67 79 54  8  3 73 60 98 40 17 85  3 36 55 88 82 99  8  3  5 47 48 90 82  9 55 69  7 21 35 
71 52 15 27 83 100 67 27 31 56  0 55 79 83  7 46 14 87 27 80 12 69 85 80 76 23 76  1 29 74 10 100 80 100 39 69 50 34 57 91 68 91 23 58 90 47 70 53 71  7 76 79 47 77 11 53 77 14 61  8 12 70  9 13 81 18  7 97 95 38 74 84  9 43 46 32 88 47 30 64 89  3 50 49 49 20 30 65 31 96 92 50 11 42 85 77 51 11 50 95 
11 59 54 46 69  6 81 71 87 78 55  0 24  3 91  4 46 78 33 37 45 65  6 36 98 48 34 39 11 92 99 72 57 35 74 82 22 41 21 55 35 33 51  7 55 10 15 43 91 16 40 54 40  3 35  5  3 38 14 16 82 16 78 72 75 30  1 88 69 56 56 19 84 93 94 63  6 19 40  2 45 63 10 20 78 14 79 22 81 94 86 19 61  4 36 58 81 100  8  9 
40 58 72 14 56 85 22 68 17 46 79 24  0 16 82 69 34 65  7 73  7 48 71 66 21 45 45 69 90 18 32 70  9 99 15 48 94 18 25 63 83  5 73 58 79 47 64 77 19 44 36 24 65 46 94 94 91 30  5 86 11 88 86 62 14 81 82 52 50 19 100 60 51  6 85 51  8 80 18 54 69 90 25 87 92 55 66 67 86  4 80 37 43 62 23 13 65 67 87 45 
80 67 61 78 87 65 76  4 18 12 83  3 16  0 80 97 72 61 21 94 11 23  1  8 96 28 38 71 37 20 96 63 78 94 81 55 27 34 41 80 10 73 94  9 68 21 23 49 23 98 93 23 82 38 71 45 18 17 63 45 34 77 50 86 67 16 28 36 41 99  3 52 75 18 99 26 33 87 96 83 82 73 54 57  6 11 47 80 43 58 98 74 13 65 51 23 21 58 61 37 
80 72 53  5 56 40 95 79 56 25  7 91 82 80  0 37 49 87 59 92 97 13 83 79 62  9 10 94 95 55 40 74 48 61 77 61 66 88 90 63 94 98 56 55 29  1 41 45 69  1 37 32 83 79 43 22 18 97 87  8 46 79  8 87 78 64 35 98 59 76 19 46  2 45 16 16 77 33 76 93 81 40  8 75 40 12  8 80 26 28 87 96 92 43  7 44 50 53 34 19 
84 69 84  5 96 25 17 21 54  3 46  4 69 97 37  0 69 74 58 12 59 41 60 90 85 89 35 17 18 100 47 53 41  3  1 61 88 32 77 72 26 27 56 52 98 35 54  9 42 29 74 49 96 50 13 44 48 81  3 16 38 35 49 60 22 40 83 45 30 90 44 95 64  4 14 30 29 25 65 44  1 28  7 10 38 53 84 75 58 64 50 90 93 55 21 26 55 81 28 66 
75 49 64 43 79 40 74 12 58 50 14 46 34 72 49 69  0 87 81 56  1 10  2 93  4 40 35 81 22 20 14 64 47 58 54 95 33 32 43 59 72 78 63 98  1  3 67 54 47 54 52 22  6 54 35 20 56 79 15 85 58 84  3  3 40 60 84 36 11 52 47 93 61 14  9 14 24 60 29  5 97 61 59 44 96  7 89 72 88 92 36 55 85 68 67 84  4 68 97 16 
 2 45 83  3  7 26 83 56  4 29 87 78 65 61 87 74 87  0 75 59 44 94 31 60 14 34 95  8 37 20 32 89 82 67 87 92 13 47 30 60 55 82 34 45 41 95 88 11 16 13 80 52 34 57 14 64 45 14 48 47 56 35 53 96 30 77  7 32 62 95 68 49 61 54 42 17 71 92 54  7 93 25 18 26  8 35 78 73 41 95 61 20  5 29 99 17 55 51 99  3 
50  1 70 38 38 88 11 73 92 85 27 33  7 21 59 58 81 75  0 25 65 31 90 85 20 14 71 21 21 10 80 50 25 24 62 79 94 14 40  3 98 16 97 49 67 62  8 95 26 76 71 30 58 89 31 64 49 55 38 78 87  5 27 17 90 85  1 32 91 60 76 31 55 34 13 91 52 16 94 31 65 43 86 51 93 65 57 34 62 71 16 56 58 28  6 32 57 97 99 41 
19 28 22 41 97 85 89 80 43 20 80 37 73 94 92 12 56 59 25  0 77 51 75  3 41 97 65 66 50  4 68 93 64 84 95 21 16 15 86 14 91 100 91 100 92 12 28  2 36 16 89 40 28 81 83 30 95  9 29 18 20 76 47 77 10 26 51 93 38 56 11 86 71 59 69 36 68 38 64 99 99 43 15 82 12 70 77 83 17 21 43 21 37 21 44 32 33 64 58 17 
91  6 61 24 59 47 10  2 78 23 12 45  7 11 97 59  1 44 65 77  0  5 61  2 39 70 43 50 62 58 16 89 32 95 53 25 73 99 55 16 18 22 64 13 24 74 34 72 80 98 33 57 75 31 11 11 95 21 55 70 73  5 11 13 16 29 35 84 72 99  5 29 35 89 65 33 87 70 79 83 52 19 38 17 53 60 51 76 74 87 44 51 31 63  9 76 93 31 55 65 
79 58 46 59 95 13 37 22 62 64 69 65 48 23 13 41 10 94 31 51  5  0 35 67 56 48 83  4 98 97 51 60  4 66 60 100 28 65 71 86  7 92 69 55 45 36 72 46 98 55 16 96 80 63 100 13 83 90 89 71 44 86 96 53 76 37 18 88 82 59 87 63 54 91 10 24 18 37 53  1 75 73 77 24 54 34 99 88  6 33 98 55 69 49  1 43 20 73 85 65 
54  7 35 93 44 23 22 76 29 81 85  6 71  1 83 60  2 31 90 75 61 35  0 16 30 76 96 56 90 52 34 57 59  4 78 18 80 30 78 66 51 35  1 79 35 65 41 92 71 57 60 68 29 100  7 49 69  4 25 56 58 85 92 99 75 47 15 71 10 41 20 90 77 37  6 95 47 61 48 64 21 24 83 82  5  4 20 99  4 19  2 76 14 91 43  6 75 43  1 60 
72 60 83 75 23 21 25 55 55 30 80 36 66  8 79 90 93 60 85  3  2 67 16  0 73 69 88 100 95 36 87 37 70 44 60 41 70 70 23 93 41 97 79 66 38 61 45 24  9 91 72  6 83 28 72 66 70 43  1 11 60 71 35 17  5 74 94 45 100 66 19 35 19 57 88 33 49 61 86 30 21 33 31 25 78 93 68 50 85 42 100 31 89 67 27 94 71 56 70 45 
92 49 18 86 55 33 24  7 73 51 76 98 21 96 62 85  4 14 20 41 39 56 30 73  0 53 98 92 68  8 76 27 52 58 59 81 42  8 20 95 49 43 80 51 42 95 65 49 17 48 88 14 10 57 60 92 98 10 62 67 59 70 63 63 22 88 32 24  9 18  8 57 64 80 77 66 82 73 96 98 63 90 47 96 83 27 74 49 10  6 70 29 75 66  7 76 57  1 16  1 
50  3 32 84 75 46 52 81  8 74 23 48 45 28  9 89 40 34 14 97 70 48 76 69 53  0 70 46 70 94 93 95 96 87 18 90 44 54 55 48 27 15 35 86  5 90 19 13 25  9 38 80 90 90 28 62  7  1 99 49 81  8 34  6  4 39 89 14 73 87 51 51 18 56 70 31 32 76 35  7 97 98 25 46 36 54 16 22 78 95 90  4 37 32 83 23 48 58 94 29 
18  7 56 38 52 43 18 33 28 63 76 34 45 38 10 35 35 95 71 65 43 83 96 88 98 70  0 81  6 99  8 44 91 87 72 66 35 11 96 61 88 64 56 80 84 65 36 88 29 98 16 27 43 100 66 85 33 79 27 76  5 83 56 58 16 81 65 69 88  1  7 35  7 50 59 19 52  1 96 98 69 63 58 70 20 50 84 39  2  1 71 22 63 40 30 91 55 52 65 79 
16 69 30 100 34 80 77 38  4 48  1 39 69 71 94 17 81  8 21 66 50  4 56 100 92 46 81  0 63 18 25 34 19 64 54 13 18 97 72 96 54 90 44 38 10 25 57 94 77 38 87 51 14 62 57 30 11  5 41 48 96 22 36 96 77 38 11 90 27 39  4 58 73 100  4 62 67  4 29 76 16 73 36 67 98 71 50 36 93 99 73 95 29  7 10 34 91 70 95 54 
23 37 68 55 71 48 55 47 23 46 29 11 90 37 95 18 22 37 21 50 62 98 90 95 68 70  6 63  0 62 17 79 55 18 80 34 14 37 50 67 79 17 19  2 35 92  3 60 32 65 93 84 75 88 86 68 78 46 51 89 63 21 93 22 69 48 89 50 18  1 98  7  3 75 88  6 45 90 22 62 75 38 34 86  3 82 69 54 35 71 53 64 95 64 94 65 56 23 75 45 
98 30 24  2  3 47 24 78 65  3 74 92 18 20 55 100 20 20 10  4 58 97 52 36  8 94 99 18 62  0 89 25 21 87  2 80 39 82 86 68 67 21 17 72 75 85 50 24 13 60 46 66 94 79 32 71 85 93 77 67 90 98 58 24 83 50 87 67 58 85 81 83 13 49 36 40 61 100 11 45 67 47 32 33 34 42 44 100 70 94  1  6 67 58 61  5 45 79 37 48 
63  5 92 60 76 57 14 60 96 69 10 99 32 96 40 47 14 32 80 68 16 51 34 87 76 93  8 25 17 89  0 31 68 62 43 70  8 85 80 84 84 71 94 47 28 51 48 67 93 58 61 64 42 63 96 66 53 30 51 59 76 21 90 37 46 30 39 84 51 41 40 72  3 50 96 97 56 61 66 12 42  7 19 66  5 29 47 10 35 64 38 43 97 100 77 58 58 63 64 83 
14 70 12 55 29 70 56 50 71 42 100 72 70 63 74 53 64 89 50 93 89 60 57 37 27 95 44 34 79 25 31  0 73 66 58 27  8 75 76 25 84 50 83 66  4 60 44 50 21 82 52 99 11 44 76 62 45 84 45 34  1 89 39  7 70 96 19 76 35 89 87 99 92 60 24 78 97  1 64 87 53 18 96 87 51  2 56 55 37 85 88 44 24 91 59 31  2 82 90 82 
31 59 12 78  5 37 39 87 60 67 80 57  9 78 48 41 47 82 25 64 32  4 59 70 52 96 91 19 55 21 68 73  0 17 93 35 36 87 92 89 15 35 15 47 69 15 63 51 17  4 74 77 25 45 38 96 88 15 97 30 75 98  8 68 50 58 94 96 62 47 13 12 21  5 44 96 52 27 55 27 63 30 45 80 41 60 14 23  6 42  9 24 66 67 26 76 62 96 21 100 
51 26 30 33 75  5 61 67 11 28 100 35 99 94 61  3 58 67 24 84 95 66  4 44 58 87 87 64 18 87 62 66 17  0  6 38 75 49 50 78 41 71 98 75 16 31 78 30 86 49 74 86 77 20 10 20 14 95 63 16 80 70 29 97 10  8 10  2 75 50 96 56 12 82 37 56 62 45 98 71 52 38 31 84 36 86 75 83 12 73 47 91 20 96 86 52 80 25  3 67 
41 88  7 89 60 62 43 11 18 98 39 74 15 81 77  1 54 87 62 95 53 60 78 60 59 18 72 54 80  2 43 58 93  6  0 80 61 88 38 41 51 74 33 29  6 96 81 99 86 65 63 93 20 29 73 17 73 73 19 36 27 87 43  2 49 49 18 99 73 65 30 96 29 60 76  8 81 15 85 59  8 47 43 50 65 69 22 63 59 13 88 34 13 61 54 19 25 91 95 17 
43 75 78 58 13  6 39 37 77 76 69 82 48 55 61 61 95 92 79 21 25 100 18 41 81 90 66 13 34 80 70 27 35 38 80  0 11 38 60 37 73 23  9 92 64  4 80 32 95 74 55 54 96 27 60 75 30 72 45 17 62 12 53 27 69 47 54 77 62 24 94 92 11  7  4  7 56 72 77 92 41 25 20 38 57 55 11 10 26 41 78 98 46 94 11 47 12 68 48 80 
100 82 97 80 33 85 15 67 69 90 50 22 94 27 66 88 33 13 94 16 73 28 80 70 42 44 35 18 14 39  8  8 36 75 61 11  0  8 87 85 70 38 47 25 22 67 68 61 62  8 59 44 65 78 95 98 73 21 66 95 73 12 24 44 31 60 42 19 100 50 23  9 55 31  6 29 81 44 10 39 68  5 35 16 59 44 59 53 48 83 89 68 19 79 100  5 70 16 99 47 
52 78 69  1 98 54 15  5 99 27 34 41 18 34 88 32 32 47 14 15 99 65 30 70  8 54 11 97 37 82 85 75 87 49 88 38  8  0 76 84 88 32 83 44 76  1  6  7 31  6  9 56 36 92 20 79  5 45 99  8 83 10 15 96 87 53 61 74 57 24 38 14 74 89 26 46 10 80 50 83 52 48 86 28 76 17 32 50 64 32 91 97 81 80 38  5 87 74 90 46 
37 68 49 40 42 85 30  6 82 89 57 21 25 41 90 77 43 30 40 86 55 71 78 23 20 55 96 72 50 86 80 76 92 50 38 60 87 76  0 81 80 93 49 70 76 20 10 12 26 26 36 42 83 85 97 14 88 40 91 24 52 62 93 21 16 76 52 30 87 52 15  3 76 92 27 91 13  7 85 78 18 86 96  2 61  7 92 54 59  4  4 88 73 57 86 99 44 82 19 83 
12 98 87 56 18 96 41 71 18 71 91 55 63 80 63 72 59 60  3 14 16 86 66 93 95 48 61 96 67 68 84 25 89 78 41 37 85 84 81  0 83 30 13 70 92 77 92 97 30 58 99 98 41 88 15 10  3 42 15 39 90 65 20 19 17 37 27 70 70 41 40 36 85 29 46 24 49 60 16 17  5 67 24 85 23 85  8 79 21 45 56 77 81 20 64  4 55 68 70 95 
16 14 39 51 78 47 49 54 66  5 68 35 83 10 94 26 72 55 98 91 18  7 51 41 49 27 88 54 79 67 84 84 15 41 51 73 70 88 80 83  0 92 89 93 91  7 65 16 52 19  2 30 29 25 56 22 80 19 83 44 52 56 35 24  8 19 88 14 29 99  6 20 26 38 58 79  9 62 77 28 98 66 84 82 46 22 59 67 32 67 82 70 52  8 76 61 23  4 41 67 
82 55 63 45 92 71 66 34 73 18 91 33  5 73 98 27 78 82 16 100 22 92 35 97 43 15 64 90 17 21 71 50 35 71 74 23 38 32 93 30 92  0 35  6 29 92 47  6 48 55 45 30 77 25 81 84 27 50  2 100 71 22 68 34 78 89 97 19 73 87 40 35 51 60 47 76 30 90 82 41 93 22 27 13 27 97 27 64 94 50 35 45 81 68 82  1 97 46 69  1 
95 61 40 15  4 71  9 71 38 27 23 51 73 94 56 56 63 34 97 91 64 69  1 79 80 35 56 44 19 17 94 83 15 98 33  9 47 83 49 13 89 35  0 25 56 72 63 87 11 70  8 49 75 77 89 79 79 16 100 75 59 17 76 24 24 17 15 70 26 62 70 94 21 23 27 98 94 37 44 93 63 62 93  4 51 69 32 79 39 31  3 93 25  2 70 19 91 62 29 42 
42 53 70 16 30 33  9 69 99  3 58  7 58  9 55 52 98 45 49 100 13 55 79 66 51 86 80 38  2 72 47 66 47 75 29 92 25 44 70 70 93  6 25  0 18 70  8 91 69 57 74 86 92 58 41 100  7 29 66 61 81 10 63 22 63  2 88 57 61 86 28 86 68 86  7 28 15 100 93 27 13 24 65 70 28 26 84 98 85 25  6  2 21 100 40 47 38 75 84 75 
81 76 74 11 59 51 13 89 56 63 90 55 79 68 29 98  1 41 67 92 24 45 35 38 42  5 84 10 35 75 28  4 69 16  6 64 22 76 76 92 91 29 56 18  0  8 34 67 45 52 33 34 52 57 59 33 93 53 34 76 29 20 53 85 63 37 43 54 27 69 100 69 11 56 73 18 87 85 34 21 18 94 24 23 68 50 27 64 79 16 72 60 97 43 58 32 37 66 62 99 
36 74 99 25 56 44 82 10 45 69 47 10 47 21  1 35  3 95 62 12 74 36 65 61 95 90 65 25 92 85 51 60 15 31 96  4 67  1 20 77  7 92 72 70  8  0  1  2 60 66 66 71 82 84  1 87 48 83 62 81 49 75 17 86 82 26  8 80 34 45 59 74 21 80 14 19 26 88  8 87  7 78 13  6 16 32 65 74 76 57 66 11 88 94 24 71 24 69  1 38 
46 32 34 91 78 68  8 75 51 81 70 15 64 23 41 54 67 88  8 28 34 72 41 45 65 19 36 57  3 50 48 44 63 78 81 80 68  6 10 92 65 47 63  8 34  1  0 23 67 47 88 84 58  2  6 85 12 10 96 92 16 43 23 46 24 81 98 91 67 88  3 20 98 18 50 14 65 72 41 50 35 92 41 13 81 71 49  6 54 42 27 100 67 21 95 60 83 30 52 86 
58 14 58 52 40 28 27 30 11 34 53 43 77 49 45  9 54 11 95  2 72 46 92 24 49 13 88 94 60 24 67 50 51 30 99 32 61  7 12 97 16  6 87 91 67  2 23  0  9 53 85 69 71 79 43 70  5 54  8 66  9  7 63 22 27 15 87 34 90 96 50 98  9 81 33  8 29 24 37 61 23 72 26  2 93 49 12 91 80  3 60 36  1 69 45 17 29 14 82 42 
82 71 44  5  9 85 76 70 86 22 71 91 19 23 69 42 47 16 26 36 80 98 71  9 17 25 29 77 32 13 93 21 17 86 86 95 62 31 26 30 52 48 11 69 45 60 67  9  0 89 49 20 85 73 68 99 94 56  2 64 37 98 42 81 30 23 57 50 27 33  3 30 64 46 42 94 25 51 73 92 93  5 49 33 31 13 90 22  5  3  2 65 58  7 64 49 19 47 13 41 
27 52  6 85 63 11 97 22  4 94  7 16 44 98  1 29 54 13 76 16 98 55 57 91 48  9 98 38 65 60 58 82  4 49 65 74  8  6 26 58 19 55 70 57 52 66 47 53 89  0 100 27 12 99 70 10 20 55 60 91 19 60  9 59 40 64 16 53  3 42 68 22 55 63 70 60 70 99 34 50 91 75 44 36  3 35 14 81 53 86 64 17 72 53 38 16 66 28 32 53 
40 87 92 13 46 92 77 73 68 44 76 40 36 93 37 74 52 80 71 89 33 16 60 72 88 38 16 87 93 46 61 52 74 74 63 55 59  9 36 99  2 45  8 74 33 66 88 85 49 100  0 50  8  6 87  8 60 22  2 28 95 91 69 36 32  6 44 45 86 56 53 69 24 22 74 66 65 26 92  2  9  4 60 56  4 37  7 70 58  7 27 57 62 94  4 97 32 88 38 38 
88 98 33 58 88 82 56  4 75 44 79 54 24 23 32 49 22 52 30 40 57 96 68  6 14 80 27 51 84 66 64 99 77 86 93 54 44 56 42 98 30 30 49 86 34 71 84 69 20 27 50  0 16 83 83 76 36  7 29 36 12 93 57 100 22 27 26 15 33 45 14 41 40 90 99 86 92 73  5 52 21 32 31  8 57  2  7 65 75 22 24 10 80 41 45 63 43 80 75 59 
50  1 10 39 31  7  2 35 78  6 47 40 65 82 83 96  6 34 58 28 75 80 29 83 10 90 43 14 75 94 42 11 25 77 20 96 65 36 83 41 29 77 75 92 52 82 58 71 85 12  8 16  0 96 52 23 74 29 35 64 52 77 63 97 40 79  6 48 76 53 27 33 42 49 96 15  7 94 84 51 40 54 34 37 25 89 15 41 13 42 98  4 66  9 24  9 13 66 86  7 
99 15 96 91 64 58 62 67 83 95 77  3 46 38 79 50 54 57 89 81 31 63 100 28 57 90 100 62 88 79 63 44 45 20 29 27 78 92 85 88 25 25 77 58 57 84  2 79 73 99  6 83 96  0 55  2 17  5 69 58 38 73 34 24 26  8 45 85 65 80 60 56 29 90 100  9 30  9  9 23 92 83 10 67 71 66 45 98 72 78  9 51 64 44 63 85 26 39 72 86 
96 75 52 46 31  2 50 60 20 90 11 35 94 71 43 13 35 14 31 83 11 100  7 72 60 28 66 57 86 32 96 76 38 10 73 60 95 20 97 15 56 81 89 41 59  1  6 43 68 70 87 83 52 55  0 85 88 61 49 46 91 14 21 60 33 95  9 69 60 100  3 36 56 64 44 83 13 42  3 76 21 14 20 41 52 61 49 75  8 18 92 20 11 52 53 77 60  7  5 77 
75 83  1 78 59 83 60 74 54 75 53  5 94 45 22 44 20 64 64 30 11 13 49 66 92 62 85 30 68 71 66 62 96 20 17 75 98 79 14 10 22 84 79 100 33 87 85 70 99 10  8 76 23  2 85  0 58 37  8 35 87 65 87 48 99 29 34 10 41 72 21 60 98 94 56  4  7 39  2 75 96 11 65 28 26 16 26 62 87 40 33 28 26 93 22 70 14 93 79 54 
87  7 50 99 29 47 55 37 34 70 77  3 91 18 18 48 56 45 49 95 95 83 69 70 98  7 33 11 78 85 53 45 88 14 73 30 73  5 88  3 80 27 79  7 93 48 12  5 94 20 60 36 74 17 88 58  0 51 51 74  2 38 80 27 57  3 41 44 77  6  3 42 91 37 66 51 78 50 95 78 10 59 42 15 15 42 22 29  9 25 14 92 71 29 87 83 36 54 20 68 
77 19 29 100 11 86 23 14 30 63 14 38 30 17 97 81 79 14 55  9 21 90  4 43 10  1 79  5 46 93 30 84 15 95 73 72 21 45 40 42 19 50 16 29 53 83 10 54 56 55 22  7 29  5 61 37 51  0 12  9 62 25 28  8 90 30 98 92 34 92 38 49 68 94 84 40 59 11 31 87 21 76  3  6 85 43 91 73 64 30 13 18 62 85 33 19 51 20 85  9 
41 68 48 81 49  4 41 35 34 33 61 14  5 63 87  3 15 48 38 29 55 89 25  1 62 99 27 41 51 77 51 45 97 63 19 45 66 99 91 15 83  2 100 66 34 62 96  8  2 60  2 29 35 69 49  8 51 12  0 61 42 55 32 86 20  4 34 10 32 40 10 51 55 99 29 41 81 84 52 19 36 94 55 71 60 31 66 92 11 65 33  5 88 74 58 76 52 88 99 81 
20 15 31 55 93 12 52 29 99 77  8 16 86 45  8 16 85 47 78 18 70 71 56 11 67 49 76 48 89 67 59 34 30 16 36 17 95  8 24 39 44 100 75 61 76 81 92 66 64 91 28 36 64 58 46 35 74  9 61  0 91 42  1 31 31 36  2 39 81 95 51 82 42 25 36 61 19 98 20 19 56 23 97 11 28 90 60 92 76 89 45 91 36 52 56 96 100 41  6  3 
18 61  4 19 62 70 29 36 44 18 12 82 11 34 46 38 58 56 87 20 73 44 58 60 59 81  5 96 63 90 76  1 75 80 27 62 73 83 52 90 52 71 59 81 29 49 16  9 37 19 95 12 52 38 91 87  2 62 42 91  0 60 49 50  9 52 22 64 68 62 89 24  2 60 95 53 27 27 33 42 12 44 11 66 55 28 52 76 94 27 93 46 11 61 12 53 41 24 85 72 
12 54 78 61 72 69 80 87 48 50 70 16 88 77 79 35 84 35  5 76  5 86 85 71 70  8 83 22 21 98 21 89 98 70 87 12 12 10 62 65 56 22 17 10 20 75 43  7 98 60 91 93 77 73 14 65 38 25 55 42 60  0 70 60 28 12 74 90 35 93 87 17 45 80 28 72  9 40 73 33 83 39 32 94 83 26 48 19 63 56 55 97 77 50 45 24 59 17 40  1 
21 44 99 47 84 54 38 16 29 66  9 78 86 50  8 49  3 53 27 47 11 96 92 35 63 34 56 36 93 58 90 39  8 29 43 53 24 15 93 20 35 68 76 63 53 17 23 63 42  9 69 57 63 34 21 87 80 28 32  1 49 70  0 97 51 65 90 95 66  8 10 78 63 89  6  4 34  9 51 61 16 41 82 48 99 16 87 22 81 44 24  8 87 28 75 32 23 46 89 41 
44 66 35 66 47 52 57 64 20 79 13 72 62 86 87 60  3 96 17 77 13 53 99 17 63  6 58 96 22 24 37  7 68 97  2 27 44 96 21 19 24 34 24 22 85 86 46 22 81 59 36 100 97 24 60 48 27  8 86 31 50 60 97  0 73 68 39 40 44 56 70 80 75 74 71 77 51 38 97 81 16  7 43 62 76 51 78 51 12 86 40 19 46 55 37 92 48 79 53 86 
70  3 44 49  2 74 59 84 30 65 81 75 14 67 78 22 40 30 90 10 16 76 75  5 22  4 16 77 69 83 46 70 50 10 49 69 31 87 16 17  8 78 24 63 63 82 24 27 30 40 32 22 40 26 33 99 57 90 20 31  9 28 51 73  0 55  6 96 80 31 100 25 17  9 12  3 20 45 49  2 49 35 30 87 89 74  2 82 72 63 31 62 93 13 100 87 40 84 54 21 
 9 68 39 92  3 49 13 64 62 14 18 30 81 16 64 40 60 77 85 26 29 37 47 74 88 39 81 38 48 50 30 96 58  8 49 47 60 53 76 37 19 89 17  2 37 26 81 15 23 64  6 27 79  8 95 29  3 30  4 36 52 12 65 68 55  0 30 17 69  3 30 36 12 86 41 89 68 55 77 15 47 88 38 84 41 42 27  7 91 26 78 38 49  9  8 52 99 34 52  1 
49 94 69 42 59 16 83 14 26 56  7  1 82 28 35 83 84  7  1 51 35 18 15 94 32 89 65 11 89 87 39 19 94 10 18 54 42 61 52 27 88 97 15 88 43  8 98 87 57 16 44 26  6 45  9 34 41 98 34  2 22 74 90 39  6 30  0 63 39  4  2 86 76 23 56 75 84  4 62 67 83 85  1 35 38 20 91 84 36 93 37 76 51 21 96 24 98 48 65 94 
97 35 93 15 12 13 44 72 31 15 97 88 52 36 98 45 36 32 32 93 84 88 71 45 24 14 69 90 50 67 84 76 96  2 99 77 19 74 30 70 14 19 70 57 54 80 91 34 50 53 45 15 48 85 69 10 44 92 10 39 64 90 95 40 96 17 63  0 33  1 27 19 49 17 11  4  8  1 67 20 25 37 94 24  1 59 26 73 10 27 32 53 55 54 50 96 55 58 81 82 
30 98 31 83 77 36 38 74 76 50 95 69 50 41 59 30 11 62 91 38 72 82 10 100  9 73 88 27 18 58 51 35 62 75 73 62 100 57 87 70 29 73 26 61 27 34 67 90 27  3 86 33 76 65 60 41 77 34 32 81 68 35 66 44 80 69 39 33  0 19 62 77 90 98  2 41 95 43  1 89 92 16 86 47 99 82 92 56 43  9 24 62 71 78 30 27  1 90 37 14 
25 66 47 23 42  2 62 41 85 99 38 56 19 99 76 90 52 95 60 56 99 59 41 66 18 87  1 39  1 85 41 89 47 50 65 24 50 24 52 41 99 87 62 86 69 45 88 96 33 42 56 45 53 80 100 72  6 92 40 95 62 93  8 56 31  3  4  1 19  0 87  3 19 84 92 49 31 72  6 25 99 91 32 50 97 78 37 94 67 24 10 33 52  2 13 61 12 45 75 94 
14 68 77 26 75 76 100 58 51 67 74 56 100  3 19 44 47 68 76 11  5 87 20 19  8 51  7  4 98 81 40 87 13 96 30 94 23 38 15 40  6 40 70 28 100 59  3 50  3 68 53 14 27 60  3 21  3 38 10 51 89 87 10 70 100 30  2 27 62 87  0 62 38 68 59 83 81 71 84 54 90 18 86 70 99 63  7 91 17 59 58 40 23 68 79 51 40 42 56 47 
100 68 29 68 75 32 63 78 38 79 84 19 60 52 46 95 93 49 31 86 29 63 90 35 57 51 35 58  7 83 72 99 12 56 96 92  9 14  3 36 20 35 94 86 69 74 20 98 30 22 69 41 33 56 36 60 42 49 51 82 24 17 78 80 25 36 86 19 77  3 62  0 33  1  3 43 52 72  7 14 50 36 66 12 99 41 67 28 28  7 69 18 97 43 81 14 95 85 24 55 
74 80 54  9 39 26 33 58 73 54  9 84 51 75  2 64 61 61 55 71 35 54 77 19 64 18  7 73  3 13  3 92 21 12 29 11 55 74 76 85 26 51 21 68 11 21 98  9 64 55 24 40 42 29 56 98 91 68 55 42  2 45 63 75 17 12 76 49 90 19 38 33  0 99 71 17 18  5 69 59 45 17 25 99 63 53 70 29 54 37 43 79 35 94 28 34 79 70 97 91 
51 48 77 35 81 63 19 80  6  8 43 93  6 18 45  4 14 54 34 59 89 91 37 57 80 56 50 100 75 49 50 60  5 82 60  7 31 89 92 29 38 60 23 86 56 80 18 81 46 63 22 90 49 90 64 94 37 94 99 25 60 80 89 74  9 86 23 17 98 84 68  1 99  0 78 48  2 12 50 11 35 64 34 46 31 87 61 81 18 43 29 45 51 71 86  2 91 57 51 82 
61 35 93  2 35 28 54 27 25  3 46 94 85 99 16 14  9 42 13 69 65 10  6 88 77 70 59  4 88 36 96 24 44 37 76  4  6 26 27 46 58 47 27  7 73 14 50 33 42 70 74 99 96 100 44 56 66 84 29 36 95 28  6 71 12 41 56 11  2 92 59  3 71 78  0 86 28 96 30 26 83  4 45 44 64 26 80 41 46 12 21 25  1 29 47 55 90  5 27 40 
72 51 67 84 30 75 15 73 94 73 32 63 51 26 16 30 14 17 91 36 33 24 95 33 66 31 19 62  6 40 97 78 96 56  8  7 29 46 91 24 79 76 98 28 18 19 14  8 94 60 66 86 15  9 83  4 51 40 41 61 53 72  4 77  3 89 75  4 41 49 83 43 17 48 86  0 91 54 21 34 40 96 95 100 59 50  7 61 24 14 75 64 23 11 70 82 73 82 76 59 
13 87 69  6 35 97 54 89 48 60 88  6  8 33 77 29 24 71 52 68 87 18 47 49 82 32 52 67 45 61 56 97 52 62 81 56 81 10 13 49  9 30 94 15 87 26 65 29 25 70 65 92  7 30 13  7 78 59 81 19 27  9 34 51 20 68 84  8 95 31 81 52 18  2 28 91  0 99 29 78 38 38 10 47 88 34 22 34 94 83 76 94 89 50 50 54 95 76 18 29 
72 42 58  3 76 41 100 69 82 98 47 19 80 87 33 25 60 92 16 38 70 37 61 61 73 76  1  4 90 100 61  1 27 45 15 72 44 80  7 60 62 90 37 100 85 88 72 24 51 99 26 73 94  9 42 39 50 11 84 98 27 40  9 38 45 55  4  1 43 72 71 72  5 12 96 54 99  0 90 92 61 42 63 67 54 44 34 70 92 89 77 14 15 98 94 11 29 72 71 87 
61 57 85 27 16 13 95 85 54 40 30 40 18 96 76 65 29 54 94 64 79 53 48 86 96 35 96 29 22 11 66 64 55 98 85 77 10 50 85 16 77 82 44 93 34  8 41 37 73 34 92  5 84  9  3  2 95 31 52 20 33 73 51 97 49 77 62 67  1  6 84  7 69 50 30 21 29 90  0  9 19 46 23 32 22 92 24  2 86 41 68 62 92 49 76 71 79 27 75 24 
 2 11 18 72 89 99  5 15 35 17 64  2 54 83 93 44  5  7 31 99 83  1 64 30 98  7 98 76 62 45 12 87 27 71 59 92 39 83 78 17 28 41 93 27 21 87 50 61 92 50  2 52 51 23 76 75 78 87 19 19 42 33 61 81  2 15 67 20 89 25 54 14 59 11 26 34 78 92  9  0 99 58 50 80 98 94 81 57 10 46 63 42  6 66 27 55 54 30 46 21 
12 94 71 87 71 79 51 86 40 85 89 45 69 82 81  1 97 93 65 99 52 75 21 21 63 97 69 16 75 67 42 53 63 52  8 41 68 52 18  5 98 93 63 13 18  7 35 23 93 91  9 21 40 92 21 96 10 21 36 56 12 83 16 16 49 47 83 25 92 99 90 50 45 35 83 40 38 61 19 99  0 64 97 48 11 19 21 33 79 19  4  8 59 16 80 40 70 29 81 77 
76 20 96 46 32 29 88 76 100  3  3 63 90 73 40 28 61 25 43 43 19 73 24 33 90 98 63 73 38 47  7 18 30 38 47 25  5 48 86 67 66 22 62 24 94 78 92 72  5 75  4 32 54 83 14 11 59 76 94 23 44 39 41  7 35 88 85 37 16 91 18 36 17 64  4 96 38 42 46 58 64  0  2 81 45 13 67 18 67 50 77 17 55 16 32 83 39 52 25 32 
89 34  2  7 96 91 46 20 35 36 50 10 25 54  8  7 59 18 86 15 38 77 83 31 47 25 58 36 34 32 19 96 45 31 43 20 35 86 96 24 84 27 93 65 24 13 41 26 49 44 60 31 34 10 20 65 42  3 55 97 11 32 82 43 30 38  1 94 86 32 86 66 25 34 45 95 10 63 23 50 97  2  0 90 49 66 68 73 87 81 19 64 10 89  3 27 22 43 62 87 
73  2 57 13 56 29 31 37 74 55 49 20 87 57 75 10 44 26 51 82 17 24 82 25 96 46 70 67 86 33 66 87 80 84 50 38 16 28  2 85 82 13  4 70 23  6 13  2 33 36 56  8 37 67 41 28 15  6 71 11 66 94 48 62 87 84 35 24 47 50 70 12 99 46 44 100 47 67 32 80 48 81 90  0  1 32 82 92 61 32 54 30 68 28 55 62 26 95 72 31 
31 97 72 57 40 21 84 99 64 88 49 78 92  6 40 38 96  8 93 12 53 54  5 78 83 36 20 98  3 34  5 51 41 36 65 57 59 76 61 23 46 27 51 28 68 16 81 93 31  3  4 57 25 71 52 26 15 85 60 28 55 83 99 76 89 41 38  1 99 97 99 99 63 31 64 59 88 54 22 98 11 45 49  1  0 92 44 85 58 32 50 58  5 46 22 70 26 96 62 89 
81 96 53 88 21 52 92 72 20 82 20 14 55 11 12 53  7 35 65 70 60 34  4 93 27 54 50 71 82 42 29  2 60 86 69 55 44 17  7 85 22 97 69 26 50 32 71 49 13 35 37  2 89 66 61 16 42 43 31 90 28 26 16 51 74 42 20 59 82 78 63 41 53 87 26 50 34 44 92 94 19 13 66 32 92  0 25 66 60 11 95 70 75 87 38 70 98 59 90 13 
82 48 20 37  3 48 56 97 69 99 30 79 66 47  8 84 89 78 57 77 51 99 20 68 74 16 84 50 69 44 47 56 14 75 22 11 59 32 92  8 59 27 32 84 27 65 49 12 90 14  7  7 15 45 49 26 22 91 66 60 52 48 87 78  2 27 91 26 92 37  7 67 70 61 80  7 22 34 24 81 21 67 68 82 44 25  0  9 15 67 75 74 35 100 58 92 100 16 16 15 
26  9 42 35 19 25 94 89 11  8 65 22 67 80 80 75 72 73 34 83 76 88 99 50 49 22 39 36 54 100 10 55 23 83 63 10 53 50 54 79 67 64 79 98 64 74  6 91 22 81 70 65 41 98 75 62 29 73 92 92 76 19 22 51 82  7 84 73 56 94 91 28 29 81 41 61 34 70  2 57 33 18 73 92 85 66  9  0  7 32 22 92 71 76 29 57 12 66 84 69 
68 74 48 75 45 88 83 80 59  3 31 81 86 43 26 58 88 41 62 17 74  6  4 85 10 78  2 93 35 70 35 37  6 12 59 26 48 64 59 21 32 94 39 85 79 76 54 80  5 53 58 75 13 72  8 87  9 64 11 76 94 63 81 12 72 91 36 10 43 67 17 28 54 18 46 24 94 92 86 10 79 67 87 61 58 60 15  7  0  7 60 25 92 94 31 18  7 46  3  2 
35 61  6 43 43 68 93 30 10  5 96 94  4 58 28 64 92 95 71 21 87 33 19 42  6 95  1 99 71 94 64 85 42 73 13 41 83 32  4 45 67 50 31 25 16 57 42  3  3 86  7 22 42 78 18 40 25 30 65 89 27 56 44 86 63 26 93 27  9 24 59  7 37 43 12 14 83 89 41 46 19 50 81 32 32 11 67 32  7  0 30 99 75 49 15 72 10 10 82 55 
 9 20 76 20 81 17 86 30 18 47 92 86 80 98 87 50 36 61 16 43 44 98  2 100 70 90 71 73 53  1 38 88  9 47 88 78 89 91  4 56 82 35  3  6 72 66 27 60  2 64 27 24 98  9 92 33 14 13 33 45 93 55 24 40 31 78 37 32 24 10 58 69 43 29 21 75 76 77 68 63  4 77 19 54 50 95 75 22 60 30  0 95  6 45 50  5 26  3 88  3 
72 93 11 35 14 55 48 69 20 48 50 19 37 74 96 90 55 20 56 21 51 55 76 31 29  4 22 95 64  6 43 44 24 91 34 98 68 97 88 77 70 45 93  2 60 11 100 36 65 17 57 10  4 51 20 28 92 18  5 91 46 97  8 19 62 38 76 53 62 33 40 18 79 45 25 64 94 14 62 42  8 17 64 30 58 70 74 92 25 99 95  0 47 93 66  3 45  3 72 19 
19 40 97 42 20 54 50  1 88 90 11 61 43 13 92 93 85  5 58 37 31 69 14 89 75 37 63 29 95 67 97 24 66 20 13 46 19 81 73 81 52 81 25 21 97 88 67  1 58 72 62 80 66 64 11 26 71 62 88 36 11 77 87 46 93 49 51 55 71 52 23 97 35 51  1 23 89 15 92  6 59 55 10 68  5 75 35 71 92 75  6 47  0 21 24 26  3 17 26 59 
11 52 34 96 96  2 59  7 57 82 42  4 62 65 43 55 68 29 28 21 63 49 91 67 66 32 40  7 64 58 100 91 67 96 61 94 79 80 57 20  8 68  2 100 43 94 21 69  7 53 94 41  9 44 52 93 29 85 74 52 61 50 28 55 13  9 21 54 78  2 68 43 94 71 29 11 50 98 49 66 16 16 89 28 46 87 100 76 94 49 45 93 21  0 24 74  8 79 16  5 
68 87 38 44 14 45 75 72 95  9 85 36 23 51  7 21 67 99  6 44  9  1 43 27  7 83 30 10 94 61 77 59 26 86 54 11 100 38 86 64 76 82 70 40 58 24 95 45 64 38  4 45 24 63 53 22 87 33 58 56 12 45 75 37 100  8 96 50 30 13 79 81 28 86 47 70 50 94 76 27 80 32  3 55 22 38 58 29 31 15 50 66 24 24  0  3 10 25 84  4 
82 38 97 36 78 80 19 55 49 55 77 58 13 23 44 26 84 17 32 32 76 43  6 94 76 23 91 34 65  5 58 31 76 52 19 47  5  5 99  4 61  1 19 47 32 71 60 17 49 16 97 63  9 85 77 70 83 19 76 96 53 24 32 92 87 52 24 96 27 61 51 14 34  2 55 82 54 11 71 55 40 83 27 62 70 70 92 57 18 72  5  3 26 74  3  0 82 57 37 34 
60 50 49 16 73 48 82 88 95 69 51 81 65 21 50 55  4 55 57 33 93 20 75 71 57 48 55 91 56 45 58  2 62 80 25 12 70 87 44 55 23 97 91 38 37 24 83 29 19 66 32 43 13 26 60 14 36 51 52 100 41 59 23 48 40 99 98 55  1 12 40 95 79 91 90 73 95 29 79 54 70 39 22 26 26 98 100 12  7 10 26 45  3  8 10 82  0  6  3 88 
 5 62  4 61 70 53 35 60 31  7 11 100 67 58 53 81 68 51 97 64 31 73 43 56  1 58 52 70 23 79 63 82 96 25 91 68 16 74 82 68  4 46 62 75 66 69 30 14 47 28 88 80 66 39  7 93 54 20 88 41 24 17 46 79 84 34 48 58 90 45 42 85 70 57  5 82 76 72 27 30 29 52 43 95 96 59 16 66 46 10  3  3 17 79 25 57  6  0 46 87 
52  7  7 34 52 89 88 50 82 21 50  8 87 61 34 28 97 99 99 58 55 85  1 70 16 94 65 95 75 37 64 90 21  3 95 48 99 90 19 70 41 69 29 84 62  1 52 82 13 32 38 75 86 72  5 79 20 85 99  6 85 40 89 53 54 52 65 81 37 75 56 24 97 51 27 76 18 71 75 46 81 25 62 72 62 90 16 84  3 82 88 72 26 16 84 37  3 46  0 78 
82 39 77 73 66 75 11 42 58 35 95  9 45 37 19 66 16  3 41 17 65 65 60 45  1 29 79 54 45 48 83 82 100 67 17 80 47 46 83 95 67  1 42 75 99 38 86 42 41 53 38 59  7 86 77 54 68  9 81  3 72  1 41 86 21  1 94 82 14 94 47 55 91 82 40 59 29 87 24 21 77 32 87 31 89 13 15 69  2 55  3 19 59  5  4 34 88 87 78  0 

 0 50 45 61 49 23 55 23 19 70 51 33 43 61  2 81 100 58  4 71 34 84 91 90 30 71 79 48 54 96 100 80 43 88 58 71 69 79 46  5 96  7 41 28 60 93  8 42 37 31 23 89 49 25 70 91 64 85 73 87 80 13 52 36 21 56 75 10 89 73 56 91 56 25 79 49 78 73 99 12 52 69  3 24 21  5 69 29 15 45 62 31 39 68 51  7 64 73 49 62 
50  0 20 97 94 100 96  6 23  5 38 67 63 41 40 48 90 49 12 63 65 49 68 83 38 77 57 53 83 79 72 60 87 53 69 73 93 47 42 83 71 78  1 94 77 70 92 15 91 58 77 40 30 45 26 82  7 69 44 10 20 13 36 34 83 60 63 25 32 36 98 11 93 31 78 32 13 65  5 13 81 33 81 33 57 62 23 69 15 93 98 73  2 13 57 47  5 26 67  7 
45 20  0 77 22 40  4 92  8 25 40 96 38 91 83 41 13 22 100 51 92 37 54 26  5 96 57 55 21 54 97 12 68 22 30 11  6 53 23 59 84 10 64 84 70 58 45 27 57 40 63 39 70 46 35  3 86 88 47 41 48 60 49 65 27 70 96 40 32 92 12 28 30  8 66 84 70 15 27  5 23 16  4 18 88 16 70 91 56 85 52 55 70 46 98 37 30 61  2 14 
61 97 77  0 56 69 79  1 84 97 28 94 84 59 48 39 21 15 91 28 58 65 69 57 24 77 39 95 68 14 68 11 30 77 96 13 51 25 96 99 46 25 11 93 34 58 39 71 43  5 87 79 98 13 56  4 63 88 89 34 32 37 61 86  9 24  2 14 12 67 82 15 32 87 95 23 93 96 22 86 22 27 85 81 19 95 45 87 56 39 10 44 96 68 34 97 18 38 83 44 
49 94 22 56  0 30 27 35 22  3 45 94  9 22 76 10 72 70 39 81 86 48 25 43 27 85 12 72 73 33 31 98 22 17 42 24 34 66  2 43 84 73 81 79 40 48 20 45  1 82 35 36 80 58 49 20 27 42 11 72 89 73 77 75 50 29  1 32 74 99 12 64 41 53 10 44  2 90 18 76 78 36 52 36 11 77 29 68 77  5 25 41 84 16 43 17 64 89 42 75 
23 100 40 69 30  0 37  4 47 82 27 66 16 86 30 90 70 31 46 88 49 37  3 70 14 21  5 36 48 27 49 70 20 20 97 70  9 60 11 41 62 100 48 86 72 28 94 98 54 13  2 17 30 92 77  4 51 15 51 54 22 31 44 99 59 49 53  5 37  5 85 61 81 75 58 82 19 84 92 78 55 64 28 49 34 82 44 10 63 74 70 59 94  6 67 53 94 21 41 48 
55 96  4 79 27 37  0 21 58 89 93 69 17 95 100 61 47 18 56 16 71 24 18 49 24 15 67 42 50 56 84 47 58 53  9 10 23  5 61 40 42 28 84 61 61 27 32  9 22 10 27 69 68 17 87 98 70 90 87 26 24 60 50 41 61 86 67 83  6 59 10 16 39 39 47 49 24 69 67 88 63 51 25 54 65 27 50 15 29 62 73 24 62 88 36  9 16 41 46  9 
23  6 92  1 35  4 21  0  2 59 92 64 94 39 83 10 58  1 37 77 93 13 74 97 37 87 26 13 24 13 26 38  8 50 74 70 51 88 16 92 59  2 58 27 23 51 56 91 54 29 71 42 39  7 95 61 70 40 73 94 52 59  1  8 94 72 26 18 60 95 78 76 19 69 89 35 21  9 34 13 88 90 32  3 12 28 92  5 97 66  6 42 74 16 15 41 49 99 18 42 
19 23  8 84 22 47 58  2  0 94 28 30 13 33 54 11 98 17 43 85 82 97 78 89 57 27 25 74  3 66 20  3 87 21 18 22 99 57 72  8 66 49 11  3 26 31 55 75 75 94 40 38 55 28 18 83 20 26 58 58 87 97 17 63 100 52 81 14 26 43 42 97 58 25 85  9 66 75 93 80 14  9  9 42  5 55 25 59 44  3 41 87 78 23 76 79 34 54 51 41 
70  5 25 97  3 82 89 59 94  0 12 46 29 54 35  4 100 46 79 97 92 24 29 74 72 91 28 70 100 54 75 86  2 52 36 69 25 84 65 93  9 31  6 50 47 25 32 53 88 52 92 66 44 70 70 28 62 52 44 35 28 10 77 44 71 51  3  4 57 73 16 82 16 18 47  8 10 31 81 61 18 89 100 63 72 72 45 89 38 23 89 76 11 86 29 49 35 86 65 75 
51 38 40 28 45 27 93 92 28 12  0 40 50 58 82 16 24 10 87  5 78  9 75 22 74 51 47  3 41 64 72 99 73 98 21 39 87 83 38 52 88 24 22 47 33 72 61 60 33 36 26 12 22 87 78 18 79 50 36 31 42 89 30  9 95 89 69 15 85 65 78 95 40 90 51 73 24 84 50 86 36 65 31 70 19 32 55  8 54 90 84 68  2 30 91 75 58 12 95 17 
33 67 96 94 94 66 69 64 30 46 40  0 57 74 94 54 62 81 42 99 48 65 28  3 32 38 61 36 37  5 59 27 25  2 79 33 12  7 84 43 56  9 76 25 86 99 100 58 15 27 43 62 91 70 63 42 31 13 90 40 19 41 55 15 57 21 25 97 83 48 79 61 34 64 90 74 41 84 76 65 89 99 31 62  2 84 60 63  2 91 50  7 58  5 73 50 18 70 67 27 
43 63 38 84  9 16 17 94 13 29 50 57  0 66  5  3 26 84 88 34 89 26 47 75 95  8 77 24 30 83 41 50 97 56 72 82 13 67 11 75 49 16 41 24 78 36 34 46 66 75 75 28  5 46 58 10 74 65 38 23 76  4 72 25 21 41 13  3 29 87 18 23 13  3 53 25 45 91  8 98 94 11 82 78 94 86 11 54 39 67 29 14 31 26 65 92 100 83 51 17 
61 41 91 59 22 86 95 39 33 54 58 74 66  0 64 31 93 15  2 55 66 39 97 34 87 99 25 69 51  1 13 43 80 52 22  9 44 30 72 53 48 20 94 83 58 28 100 69 45 83 61 92 27 99 90 35  1 43 57 70 36 54  2 13 88 39 31 46 26 10 45 77 18 44 64 47 51 43 48 30 28 85 24 92  4 91 13 49 56 37 94  2 32 78 46 26 90 42 81 23 
 2 40 83 48 76 30 100 83 54 35 82 94  5 64  0 33 82 45 99 36 79 42  9 20 95 14 40 27 22 68 38 23 10 51 61 93 86 48 32 68 70 99 76 40 27 90 39 52 93 56 22 63 92 29 25 59 13  6 22 51 65 20 65 72 43 65 73 26 24 50 19 80 49 24 15 82 38 28 61 35 79 90 96 54 49 55 15  7 52 70 64 33 59 50 12 72 11 38 78 21 
81 48 41 39 10 90 61 10 11  4 16 54  3 31 33  0 57 22 51 30 63 63 88  1  2 75 17 61 13 16 29 16  1 89 86 18 14 88 29 97 31 86 44 91 50  7 77 35 77 74 80 34 99 45 13 98 10 27 62 13 56 45 64 49 82 68 19 63 89 22 61 63 68 94 76 97 69 23 36 44 82 48 33 14 50 67 94 42 27 66 38 57 50  2 53 42 93 82 95 85 
100 90 13 21 72 70 47 58 98 100 24 62 26 93 82 57  0 15 52  7 100 48 16 94 42 35 52 51 32 50 87 74 35 92 51  4 48 36 38 17 72 29 75 62 18 78 12 90 47 36 55 88 21 25 66  9 65 72 60 45 38 52 40 40 41 11 99 37  5 54 90 57 71 51 59 24 14 21 31 92 68 63 83 93 53 15 69 36 43 20 19  8 99 29 49 38 59 79 84 46 
58 49 22 15 70 31 18  1 17 46 10 81 84 15 45 22 15  0 55 100 26 27 84 84 83 25 74 21 77 49 15 74 81 32 31 58 90 71 18 87 83 78 11 75 75 15 44 34 33  3 95 82 81 25 24 41 68 53 61 38 81  5 27 54 80 27 58 31 57 66 73 83  3 59 37 80 87 92 25 48 98 99 25 60 78 41 74 65 75 53 62 57 19 65  1 26 18 71 63 43 
 4 12 100 91 39 46 56 37 43 79 87 42 88  2 99 51 52 55  0 82 73 94 81 78 60 12 68 56 34 76 28 43  5 21 22 79 35 25  3 10 90 17 39 76 30 23 32  1 48 25 69 51 15 96 11 69 100 61  9 93 98 86  4 34 83 33 100 59 77 40 20 91 59  7 91 81 69 80 49 38 65 52 63 72 98 26 25 62 76 14 88  6 76 55 29 52 94  7 94  1 
71 63 51 28 81 88 16 77 85 97  5 99 34 55 36 30  7 100 82  0 14 61  8 35 46 36 23 28 58 99 49 91 49 29 63  9 23 99 46  5 21 65 33 66  3  7 61 44 19 88  6 96 36 94 12 78 91 83 60 78 15 30 73 74 42 60 16 23 75 47 42 17 30 96 29 12 17  9 47 19 28 35 80 83 62 44 59 51 38 99  1 62 54 22 74 99 47 15  6 34 
34 65 92 58 86 49 71 93 82 92 78 48 89 66 79 63 100 26 73 14  0 72 40 43 81 79  2 20 88 35 16 12 45 23 86 71 29 72 19 21 39 66 46 18 18 18 68 11 77 44 21 67 38 73 14 46  2 75 22 65 44  3 19 15 26 36 78 34  5  1 46 30 33 39 58 82 52 91 53 63 21 16 42 23 95 59 52 87 21 20 38 32 39 74 84 61 10 42 32 100 
84 49 37 65 48 37 24 13 97 24  9 65 26 39 42 63 48 27 94 61 72  0 18 68 54 41 62 94 56 31 50 16 70 46 70  2 89 77 31 33 89 16 76 45 39 42  6  1 31 33 27 46 88 52 10 37 28 45 55 10 80 66 37  6 82 47 95 67 34 71 40  6 50 26 71 51 15 28 61 78 73 31 100 33 52 65  1 72 64 62 94 60 61 43  4 53 69  9 97 28 
91 68 54 69 25  3 18 74 78 29 75 28 47 97  9 88 16 84 81  8 40 18  0 43 90  7 89  2 30 13 82 41 88 91 62 33 66 47  9 28 27 12 84 89 43 37 98 38 43 66 40 86 49 10 10 25 84 57 69 73 45 64  4 30 58 87 82 98 93 33 75 96 36 61 55 25 92 83 95 23 44 58 55 67 85 47 14 45 22 75 98 53 64 11 40 45 88 28 24 51 
90 83 26 57 43 70 49 97 89 74 22  3 75 34 20  1 94 84 78 35 43 68 43  0 59 22 30 40 67  9 80 18 67 56 11 74 21 74 33 67 58 70 45 61 67 92 14 100 53 85 25 67 20 78 92 81  8 69 39 53 34 98 93 66 83 75 27 46 78  8 52 58 30 45 17 97 32 47 46 22 78 17 10  3 99 77 71  8 78 95  5 66 41 43 95 79 86 71 46 19 
30 38  5 24 27 14 24 37 57 72 74 32 95 87 95  2 42 83 60 46 81 54 90 59  0 59 52  4 72 67 40 15  5 50 12 76  4 53 29 53 66 50 63  3  5 37  3  6 47 78 53 85 56 15 81 68 34 74 83 22 100 37 61 53 40 22 87 43 33 49 10 40 83 76 48 58 70 35 39 71 85  4 95 98  7 32 24  2 84 85 27 89 99 89 39 54 48 29 86 11 
71 77 96 77 85 21 15 87 27 91 51 38  8 99 14 75 35 25 12 36 79 41  7 22 59  0 60  2 29 15 70 22 32 46 35  4 81 79 29 28 88  5 54 70 47 59 15 79  4 95 42  1 76 25 96 59 68 92 34 74 94 37 74 80 37 47 15 17 68 96 65 51 52 100 51 95 79 53 19 57 98 37 12  5 91  7 52 70 90 60  1 64 20 42 37 36 25 24 32 61 
79 57 57 39 12  5 67 26 25 28 47 61 77 25 40 17 52 74 68 23  2 62 89 30 52 60  0 50 74 76 96 84 56 71  8 35 91 18 72 59 12 79 84 77  1 82 72 48 98 73 35 72 81 19 25 32  2 59 40 37 15 54 76 22  5 12  8 17 83  3 90 94 74 27 80 65 62 83 79 65 96 56 32 53 87 81 19 38 15 20 75 44 41 10 62  8 83 54 92 26 
48 53 55 95 72 36 42 13 74 70  3 36 24 69 27 61 51 21 56 28 20 94  2 40  4  2 50  0 86 12 56 32 64 62 97 96 51 11 93 45 71 59 63 31 83 70 69 49 14 26 91 74 92 55 36 100 43 87 16 40 23 41 12 20 21 78 68 80 80 31 51 11 95 75  8  7 28 61 63 98 95  7 42 38 34 76 31 19  3 63 62 28 58 66 64 70 46 19 79 86 
54 83 21 68 73 48 50 24  3 100 41 37 30 51 22 13 32 77 34 58 88 56 30 67 72 29 74 86  0 72 15 11 20 57 19 13 60 29 40 14 41 100 35 31 37 50 17 25 37 10  7 70 13 61 58 13 59 14 50 56 79 77 22 28 74 92 54 52  2 76 82 87 28 53 39 75 41 37 28 27  4 65 34 66 91 96 35 92 98 65 62 14 80 94 19 19 65 36 30 49 
96 79 54 14 33 27 56 13 66 54 64  5 83  1 68 16 50 49 76 99 35 31 13  9 67 15 76 12 72  0 47 15 32 62 67 51 65  8 66 74 65 89 71 40 96 35 28 23 94 75 41 51 29 10  4 68 62 69 49 47 80 19 67 84 82 82 56 17 77 26 27 85 35 66  4 27 32 61 11 57 51 42 10 66 66  5 57 51 93 60 12 99 87 60 92 91  7 12  5 76 
100 72 97 68 31 49 84 26 20 75 72 59 41 13 38 29 87 15 28 49 16 50 82 80 40 70 96 56 15 47  0 79 90 44 90 100 51 84 85 58 39 24 71 54 45 42 32 45 32 76 17 18 49 14 69 42 52  8  1 99 15  7 21  6  1 47 13 83 56 10 45 55 44 76 70 23 55 96 23 63 89  5 22 95 42 79 27 95 35 58 100 70 11 86 19 39 29 71  9 20 
80 60 12 11 98 70 47 38  3 86 99 27 50 43 23 16 74 74 43 91 12 16 41 18 15 22 84 32 11 15 79  0 30 56 81 56 30 95 27 36 38 64 77 18 72 37 78 38 41 19 20  4  8 81 97 71 46 80 74 17 35 36 77 73 67 24 56 50 96 53  4 68 12 94 39 21 19  5 65 81 84  5 87 55 87  1 79 95 86 51  4 16 66 79 86 88 19 49 73 31 
43 87 68 30 22 20 58  8 87  2 73 25 97 80 10  1 35 81  5 49 45 70 88 67  5 32 56 64 20 32 90 30  0 90 91 61 92 98 44 52 30 61 86 66 87 14 24 26 46 40 29 15 64 90  9 78 67 47 93 33 15 11 15 60 13 54 11 72 41 78 50 49 87 52 73 45 17  8 100 79 96 85  1 21 95 97 66 100 47 38 80 47 34 21 66 78 69 72 76 96 
88 53 22 77 17 20 53 50 21 52 98  2 56 52 51 89 92 32 21 29 23 46 91 56 50 46 71 62 57 62 44 56 90  0 42 30  8 100 42 61 97 56 71 10  2 88 31 26 31 53 95 75  6 65 60 36 88 21 34  4 19 46 54 99 57 96 25 75 28 29 72 61 12 94 41 68 53 60 19 28 84 85 63 89  9 60 66 20 48 100 91  3 79 67 20  2 69 27 72 63 
58 69 30 96 42 97  9 74 18 36 21 79 72 22 61 86 51 31 22 63 86 70 62 11 12 35  8 97 19 67 90 81 91 42  0 76 30 74 20 18 19 43 38 36 45 92 34  9 25  6 83  4 86 94 19 70 18 37 67 44 10 37 65 95 94 21 40 55 57 10 35 93 50 72 94 79 39 19 21 56 82 11 94 63 66 43 33 47 52 62  9 39 62 99 84  8  4  2 58  1 
71 73 11 13 24 70 10 70 22 69 39 33 82  9 93 18  4 58 79  9 71  2 33 74 76  4 35 96 13 51 100 56 61 30 76  0 99  4 95 92 75 71 80 68 84 60  4 44  6 78 48 28 14 61 89 14 45 33 87 33 92  5 61 46 75 11 87 17 26 29 60 36 81 15 98 84 43 93 61 24 56 24 90 99 79 35 60  7 46 71 10  1 24 73  7 58 65 12 51 47 
69 93  6 51 34  9 23 51 99 25 87 12 13 44 86 14 48 90 35 23 29 89 66 21  4 81 91 51 60 65 51 30 92  8 30 99  0  5 40 62 29 28 65 39 15 79 19 55 80 68 82 61 37 78 91 31  6  2  3 99 39  2  8 85 24  1  1 47 20 54 86 67 58  7 48 94 20 53 39 56  9 79  5 92  2 17 41 95 77 35 25 84 61  3 67 73 28 97 33 62 
79 47 53 25 66 60  5 88 57 84 83  7 67 30 48 88 36 71 25 99 72 77 47 74 53 79 18 11 29  8 84 95 98 100 74  4  5  0 42 18 82 49 64 96 39 26 37 32 99 52 70 59 18 77 76 100 50  3 100 14 38 24 44 77 86 85 91 48 96 44 33 61 34 21  4 60 29 72 20 38 75 100 73 67 14 37 99 39  8 62 23 76  3 83 80 48 71 10 18 71 
46 42 23 96  2 11 61 16 72 65 38 84 11 72 32 29 38 18  3 46 19 31  9 33 29 29 72 93 40 66 85 27 44 42 20 95 40 42  0 55 64 85 44 64 30 70 23 69 89 46 12 25 90 49 80 34 58 16 69 96 40 63 74  8 60 49  8 56 26 64 99 33 78  5 18 69 89 40 15 28 62 82 77  1 50 61 68 25 91 85 18 61 28 34 100 85 43 70  4 25 
 5 83 59 99 43 41 40 92  8 93 52 43 75 53 68 97 17 87 10  5 21 33 28 67 53 28 59 45 14 74 58 36 52 61 18 92 62 18 55  0 90 77 90 20 43  1 13 32  7 93 36 70 28 55 26 12 61 37 32 34 55 87 60 99 41 25 46 19 31 72 91 41 82 88  2 36 54 33 98 56 34 75 10 53  1 64 10 12 53  4 41 40 46 56 74 84 24 24 98 48 
96 71 84 46 84 62 42 59 66  9 88 56 49 48 70 31 72 83 90 21 39 89 27 58 66 88 12 71 41 65 39 38 30 97 19 75 29 82 64 90  0 84 37 71 80  1  6  6  3 13  6 18 32 13 11  4 83 42 51 97 83 75 90 97 26 86 42 40 22 93 32 24 25 27 11 77 80 31 73 40 74  6 50 94 78 61 12 91 48 56 31 20 38 100  9 24  1 100 70 28 
 7 78 10 25 73 100 28  2 49 31 24  9 16 20 99 86 29 78 17 65 66 16 12 70 50  5 79 59 100 89 24 64 61 56 43 71 28 49 85 77 84  0 19 33 47 56 29 68 37 87 80 95 98 76 95 73 99 83 33 95 18 35 45 92 99 88 66 98  1 52 43 89 31 81 63 47 66 12 33 58  7 10 96 49 61 63 90  2 76 54 22 37 23 24 90 89 59 95 73 26 
41  1 64 11 81 48 84 58 11  6 22 76 41 94 76 44 75 11 39 33 46 76 84 45 63 54 84 63 35 71 71 77 86 71 38 80 65 64 44 90 37 19  0 91 13 24 10 99 49 31 60 74 17 55 46 36 87 17 16 75 38 79 60 93 63 91 32 86 30 39 64 90 73 86 11 45 62 22 23 36 35 77 63 89 83 98 59 33 97 83 13 13 11 51 100 75 67 16 54 83 
28 94 84 93 79 86 61 27  3 50 47 25 24 83 40 91 62 75 76 66 18 45 89 61  3 70 77 31 31 40 54 18 66 10 36 68 39 96 64 20 71 33 91  0 25 53 19 37  3 49  6 36 17  7 67 91 83 15 77 17 22 49 45 90 24 55 69 15 36 27 89 14 36 60 26 42 90 19 68 12 18 90 74 77 42  5 59 18 32 19 85 67 45 10 68 17 25 86 90  7 
60 77 70 34 40 72 61 23 26 47 33 86 78 58 27 50 18 75 30  3 18 39 43 67  5 47  1 83 37 96 45 72 87  2 45 84 15 39 30 43 80 47 13 25  0 54 35 42 40 83 95 50 15 45 68 80 88 52 93 97 99 73 48 30 83 89 81 66 25 71 100 65 58 31 86 85 35 34 65 96 94 58 96 67 99 13 92 75 57 53 64 56 64 61 43 36 93 17 67 15 
93 70 58 58 48 28 27 51 31 25 72 99 36 28 90  7 78 15 23  7 18 42 37 92 37 59 82 70 50 35 42 37 14 88 92 60 79 26 70  1  1 56 24 53 54  0 47  2 50 14 59 16 97 61 84 24 17 43 12 43 77 69 79 94 23 61 96 18 53 94  8 19 34 90 84 18 89 51 98  2 32 37 18 88 42 65 53 58 90  3 39 55 41 97 35  4 58 96 22 49 
 8 92 45 39 20 94 32 56 55 32 61 100 34 100 39 77 12 44 32 61 68  6 98 14  3 15 72 69 17 28 32 78 24 31 34  4 19 37 23 13  6 29 10 19 35 47  0 73 55  2 45 68  8 30 43 87 14 30 90 68 59 52 97  3 15 19 90 90 79 47  7 66 30 78 41 80 22 11 54 53  6 89  4 52 35 74 28 98 37 72  9 78 44 36 79 38  2 35 36 38 
42 15 27 71 45 98  9 91 75 53 60 58 46 69 52 35 90 34  1 44 11  1 38 100  6 79 48 49 25 23 45 38 26 26  9 44 55 32 69 32  6 68 99 37 42  2 73  0 10 49 17 90 76 99 13 67 79 47 50 56  8 52 50 88 73  3 51 71 26 44 46 26  4 39 88 43 45 19 72 75 95 13 74 19  4 92 44 80 84 56 88  5 96 90 72  2 24 62 94 42 
37 91 57 43  1 54 22 54 75 88 33 15 66 45 93 77 47 33 48 19 77 31 43 53 47  4 98 14 37 94 32 41 46 31 25  6 80 99 89  7  3 37 49  3 40 50 55 10  0 66  7 52 62 13 92 15 81 87 13 92  5 97 15 83 56 73 27 18 75 84 96 71 25 45 55 53 84 22 25  7 24 27 49 24 41 38  3 86 68 62 94 35 66  1 60 33 47 12 20 31 
31 58 40  5 82 13 10 29 94 52 36 27 75 83 56 74 36  3 25 88 44 33 66 85 78 95 73 26 10 75 76 19 40 53  6 78 68 52 46 93 13 87 31 49 83 14  2 49 66  0 22 86 55 15 100 26 12 60  4 19 73 49 91 97 60 92 39 31 62 35 44 71 100 46  2 92 73 17  1 12 50 97 34 19 22 49 95 96 72 29 14 48 23 25 46 31 45 54 19  8 
23 77 63 87 35  2 27 71 40 92 26 43 75 61 22 80 55 95 69  6 21 27 40 25 53 42 35 91  7 41 17 20 29 95 83 48 82 70 12 36  6 80 60  6 95 59 45 17  7 22  0 36 91 54 56 39 26 79 32  2 92 97 10 24 55 22 36 73 62  9  5 16 76 99 23 72 67  2 49  7 16  2 62 87 36  8 80 76 52 82 53 83 19 30 61 46 33 86 85  3 
89 40 39 79 36 17 69 42 38 66 12 62 28 92 63 34 88 82 51 96 67 46 86 67 85  1 72 74 70 51 18  4 15 75  4 28 61 59 25 70 18 95 74 36 50 16 68 90 52 86 36  0 89  8 18 93 20 37 48  4 12 78 82 70 48 16  1 92 57 47  7 55 91 46 45 63  9 87  5 16 100 61 32 11 19 75  5 34 97 43 72 30 52 66 66 53 28 42 65 96 
49 30 70 98 80 30 68 39 55 44 22 91  5 27 92 99 21 81 15 36 38 88 49 20 56 76 81 92 13 29 49  8 64  6 86 14 37 18 90 28 32 98 17 17 15 97  8 76 62 55 91 89  0 92 65 10 69 54 91 28 36 97 90 84 25 46 92 89 82 80 60 50 61 94 60 100 16 93 56  1  5  1  6 88 100 19 69 32 77 74 10 97 59 79 26 100 48  9 70 27 
25 45 46 13 58 92 17  7 28 70 87 70 46 99 29 45 25 25 96 94 73 52 10 78 15 25 19 55 61 10 14 81 90 65 94 61 78 77 49 55 13 76 55  7 45 61 30 99 13 15 54  8 92  0  7 82 33 24 88 62  8  9 95 32 30  6 48 44 15 20 71 26 24 81 18 84 72 50 65 12 39 10 98 77 45  3 53 23 90 37 70 11 71 62 60  8 56 68 87 80 
70 26 35 56 49 77 87 95 18 70 78 63 58 90 25 13 66 24 11 12 14 10 10 92 81 96 25 36 58  4 69 97  9 60 19 89 91 76 80 26 11 95 46 67 68 84 43 13 92 100 56 18 65  7  0 30 85 19  5 87 36 80 46 60 67 74  7 37 54 40 43 75 31 51 91 41 96 45 22 15 11 59 74 93 48 56 85 71 100 94 82 17 48 83 16 18 56  7 91 83 
91 82  3  4 20  4 98 61 83 28 18 42 10 35 59 98  9 41 69 78 46 37 25 81 68 59 32 100 13 68 42 71 78 36 70 14 31 100 34 12  4 73 36 91 80 24 87 67 15 26 39 93 10 82 30  0 36 43 35 43 86 59 59 71 16  5 46 53 67 15 42 98 45  3 37 17 49 13 87 87 59 67 67 78 14 83  4 38 26 70 92 96 57 56 50 79 20 60 26 34 
64  7 86 63 27 51 70 70 20 62 79 31 74  1 13 10 65 68 100 91  2 28 84  8 34 68  2 43 59 62 52 46 67 88 18 45  6 50 58 61 83 99 87 83 88 17 14 79 81 12 26 20 69 33 85 36  0 87  6 64 67  5 61 16 91 11 45 23 24 13 10 19 23  2 55 54 56 92 19 25  2 70 30 84 45 37 88 10 66 64 52 47  8 59 17 78 37 42 67 54 
85 69 88 88 42 15 90 40 26 52 50 13 65 43  6 27 72 53 61 83 75 45 57 69 74 92 59 87 14 69  8 80 47 21 37 33  2  3 16 37 42 83 17 15 52 43 30 47 87 60 79 37 54 24 19 43 87  0 98 37 80  5 53 96 53 99 33  4 26 87 61 65 34 63 31 71 46 13 69 59 85 99 38 80 89 74 75 55 82 83 85 59 78 95 99 53  3 37 96 50 
73 44 47 89 11 51 87 73 58 44 36 90 38 57 22 62 60 61  9 60 22 55 69 39 83 34 40 16 50 49  1 74 93 34 67 87  3 100 69 32 51 33 16 77 93 12 90 50 13  4 32 48 91 88  5 35  6 98  0 55 82 72 42 31 71  2  6 90 65 90 16 61 31 73 29 17  3  2 58  4 69 14  1 21 61 80 70 66 19 16 58 96 11 95 50  9 91 80 27 39 
87 10 41 34 72 54 26 94 58 35 31 40 23 70 51 13 45 38 93 78 65 10 73 53 22 74 37 40 56 47 99 17 33  4 44 33 99 14 96 34 97 95 75 17 97 43 68 56 92 19  2  4 28 62 87 43 64 37 55  0 27  4 94  1  4 37 49 65 100 65 98 56 37 97 22 52 82 56 32 82 16 73 12 72 20  2 24 49  1 93 71 73 80 91 19 86 36 91 100 78 
80 20 48 32 89 22 24 52 87 28 42 19 76 36 65 56 38 81 98 15 44 80 45 34 100 94 15 23 79 80 15 35 15 19 10 92 39 38 40 55 83 18 38 22 99 77 59  8  5 73 92 12 36  8 36 86 67 80 82 27  0 33 28 71 66 80  6  8 42 81 57 53  4 36 14 30 22 30 78 44 66 82 22 32  1 77 19 13 36 73 73 22 11 33 65 61 95 76 72 41 
13 13 60 37 73 31 60 59 97 10 89 41  4 54 20 45 52  5 86 30  3 66 64 98 37 37 54 41 77 19  7 36 11 46 37  5  2 24 63 87 75 35 79 49 73 69 52 52 97 49 97 78 97  9 80 59  5  5 72  4 33  0 26 70  1 72 24 73 87 99 14 81 94 95 71  3 31 30 61 65 41 41 13 83 56 65 72 18 40 29 12 20 80 30 37 61  4 24 41 81 
52 36 49 61 77 44 50  1 17 77 30 55 72  2 65 64 40 27  4 73 19 37  4 93 61 74 76 12 22 67 21 77 15 54 65 61  8 44 74 60 90 45 60 45 48 79 97 50 15 91 10 82 90 95 46 59 61 53 42 94 28 26  0 70 46 45 99 57  3 61 65 83 44 41 29 10 21 44 67  3 69 63 49 73 83 22 61 45  5  3 38 79 48 29  4 14 63  4 73 69 
36 34 65 86 75 99 41  8 63 44  9 15 25 13 72 49 40 54 34 74 15  6 30 66 53 80 22 20 28 84  6 73 60 99 95 46 85 77  8 99 97 92 93 90 30 94  3 88 83 97 24 70 84 32 60 71 16 96 31  1 71 70 70  0 48 100 77 93 92 15 84 77 15 80 34 45 65 83 97  3 86 47 47 38 42 87 24 62 61 46  7  7 83 68 32 19  7 88 43 96 
21 83 27  9 50 59 61 94 100 71 95 57 21 88 43 82 41 80 83 42 26 82 58 83 40 37  5 21 74 82  1 67 13 57 94 75 24 86 60 41 26 99 63 24 83 23 15 73 56 60 55 48 25 30 67 16 91 53 71  4 66  1 46 48  0 79 78 28 43 89 60 41  1 29 27 88 47 20 59 55 24 27 83 10 73 38 22 85 61 35 47 50 49 42 83 81 34 93 54  8 
56 60 70 24 29 49 86 72 52 51 89 21 41 39 65 68 11 27 33 60 36 47 87 75 22 47 12 78 92 82 47 24 54 96 21 11  1 85 49 25 86 88 91 55 89 61 19  3 73 92 22 16 46  6 74  5 11 99  2 37 80 72 45 100 79  0 14 32 42 27 15 40  8 66  9 40 98 73 46 62  1  4 89 49 37 33 62 99  3 28 35 91 10 20 37 32 22 48 15 21 
75 63 96  2  1 53 67 26 81  3 69 25 13 31 73 19 99 58 100 16 78 95 82 27 87 15  8 68 54 56 13 56 11 25 40 87  1 91  8 46 42 66 32 69 81 96 90 51 27 39 36  1 92 48  7 46 45 33  6 49  6 24 99 77 78 14  0 32 20  2 38 39 58 32 51 53  7 56 99 54 77 83 40 39 18 25 10 100 92 20 90 94 95 46 14 70 88 74 58 14 
10 25 40 14 32  5 83 18 14  4 15 97  3 46 26 63 37 31 59 23 34 67 98 46 43 17 17 80 52 17 83 50 72 75 55 17 47 48 56 19 40 98 86 15 66 18 90 71 18 31 73 92 89 44 37 53 23  4 90 65  8 73 57 93 28 32 32  0 29 97 18 39 32 20 28 84 77 10 97 79 39 26 62 43 26  1 77 90  7 80 92  1  8 54 80 37 44 17 35 99 
89 32 32 12 74 37  6 60 26 57 85 83 29 26 24 89  5 57 77 75  5 34 93 78 33 68 83 80  2 77 56 96 41 28 57 26 20 96 26 31 22  1 30 36 25 53 79 26 75 62 62 57 82 15 54 67 24 26 65 100 42 87  3 92 43 42 20 29  0 10 98 17 57 39 40 50 10 100 72 44 66 85  3 44 86 36 84 59 74 64 64 100 55 87 85 76 66 66 89 31 
73 36 92 67 99  5 59 95 43 73 65 48 87 10 50 22 54 66 40 47  1 71 33  8 49 96  3 31 76 26 10 53 78 29 10 29 54 44 64 72 93 52 39 27 71 94 47 44 84 35  9 47 80 20 40 15 13 87 90 65 81 99 61 15 89 27  2 97 10  0  5 36 87 27 42 71 88 45 83 87 20 74 40 65 18 17 51 64 13 64 84 96 50 95 80 86 15 81 55 71 
56 98 12 82 12 85 10 78 42 16 78 79 18 45 19 61 90 73 20 42 46 40 75 52 10 65 90 51 82 27 45  4 50 72 35 60 86 33 99 91 32 43 64 89 100  8  7 46 96 44  5  7 60 71 43 42 10 61 16 98 57 14 65 84 60 15 38 18 98  5  0 99 16  7 10 13 47 19 33 92 36 12 17 15 55 96 17 66 46 65 72 80 82 90 77 71 63 92 10 94 
91 11 28 15 64 61 16 76 97 82 95 61 23 77 80 63 57 83 91 17 30  6 96 58 40 51 94 11 87 85 55 68 49 61 93 36 67 61 33 41 24 89 90 14 65 19 66 26 71 71 16 55 50 26 75 98 19 65 61 56 53 81 83 77 41 40 39 39 17 36 99  0 64 72 77 47 47 69 70 58 68 54 21  5 59 37 50 10 26 56 59 45 41 65 29 48 34  2 25 94 
56 93 30 32 41 81 39 19 58 16 40 34 13 18 49 68 71  3 59 30 33 50 36 30 83 52 74 95 28 35 44 12 87 12 50 81 58 34 78 82 25 31 73 36 58 34 30  4 25 100 76 91 61 24 31 45 23 34 31 37  4 94 44 15  1  8 58 32 57 87 16 64  0 82 80 29 95 15  8 85 10 50  5 91 95 71 89 49 68 87 60  5  5 26 84 22 78 83 32 66 
25 31  8 87 53 75 39 69 25 18 90 64  3 44 24 94 51 59  7 96 39 26 61 45 76 100 27 75 53 66 76 94 52 94 72 15  7 21  5 88 27 81 86 60 31 90 78 39 45 46 99 46 94 81 51  3  2 63 73 97 36 95 41 80 29 66 32 20 39 27  7 72 82  0 19 18 49 37 38 94  1 50 30 78 18 63 72 10 66 96 31 30 95 67 76 56 55 39 31 31 
79 78 66 95 10 58 47 89 85 47 51 90 53 64 15 76 59 37 91 29 58 71 55 17 48 51 80  8 39  4 70 39 73 41 94 98 48  4 18  2 11 63 11 26 86 84 41 88 55  2 23 45 60 18 91 37 55 31 29 22 14 71 29 34 27  9 51 28 40 42 10 77 80 19  0 58 13 91 21 10 30 10 73 25 39 83  6 46 73  7 14 24 60 82 87 14 43 93  4 40 
49 32 84 23 44 82 49 35  9  8 73 74 25 47 82 97 24 80 81 12 82 51 25 97 58 95 65  7 75 27 23 21 45 68 79 84 94 60 69 36 77 47 45 42 85 18 80 43 53 92 72 63 100 84 41 17 54 71 17 52 30  3 10 45 88 40 53 84 50 71 13 47 29 18 58  0 25 10 24 82 53 18  1 64 46 100 87 12 59  8 25  6 94 20 93 44 71 56 97 70 
78 13 70 93  2 19 24 21 66 10 24 41 45 51 38 69 14 87 69 17 52 15 92 32 70 79 62 28 41 32 55 19 17 53 39 43 20 29 89 54 80 66 62 90 35 89 22 45 84 73 67  9 16 72 96 49 56 46  3 82 22 31 21 65 47 98  7 77 10 88 47 47 95 49 13 25  0 86  8 37 47 81  8 32 36 74 63 39 39 39 45 40 16  3 97 37 38 94  6 17 
73 65 15 96 90 84 69  9 75 31 84 84 91 43 28 23 21 92 80  9 91 28 83 47 35 53 83 61 37 61 96  5  8 60 19 93 53 72 40 33 31 12 22 19 34 51 11 19 22 17  2 87 93 50 45 13 92 13  2 56 30 30 44 83 20 73 56 10 100 45 19 69 15 37 91 10 86  0 26 82 63 16 44  1 29  1 90 47 25 48 59 33 72 48 100 51 92 57 69 100 
99  5 27 22 18 92 67 34 93 81 50 76  8 48 61 36 31 25 49 47 53 61 95 46 39 19 79 63 28 11 23 65 100 19 21 61 39 20 15 98 73 33 23 68 65 98 54 72 25  1 49  5 56 65 22 87 19 69 58 32 78 61 67 97 59 46 99 97 72 83 33 70  8 38 21 24  8 26  0 52 54 47 61 49 19 77 79 48 58 39 92 38 87 94 70 86 45 21 19 31 
12 13  5 86 76 78 88 13 80 61 86 65 98 30 35 44 92 48 38 19 63 78 23 22 71 57 65 98 27 57 63 81 79 28 56 24 56 38 28 56 40 58 36 12 96  2 53 75  7 12  7 16  1 12 15 87 25 59  4 82 44 65  3  3 55 62 54 79 44 87 92 58 85 94 10 82 37 82 52  0 37 35 68 70 56 40 34 91 76 75 57  1 93 20 59 74 28 79 19 43 
52 81 23 22 78 55 63 88 14 18 36 89 94 28 79 82 68 98 65 28 21 73 44 78 85 98 96 95  4 51 89 84 96 84 82 56  9 75 62 34 74  7 35 18 94 32  6 95 24 50 16 100  5 39 11 59  2 85 69 16 66 41 69 86 24  1 77 39 66 20 36 68 10  1 30 53 47 63 54 37  0 71 64 66 49 58 54 99 96 79 69 49  3 15 44 71 15 15 10 86 
69 33 16 27 36 64 51 90  9 89 65 99 11 85 90 48 63 99 52 35 16 31 58 17  4 37 56  7 65 42  5  5 85 85 11 24 79 100 82 75  6 10 77 90 58 37 89 13 27 97  2 61  1 10 59 67 70 99 14 73 82 41 63 47 27  4 83 26 85 74 12 54 50 50 10 18 81 16 47 35 71  0 15 60 85 27 44 36 42 72 10 47 87 17 18 22 34 31 67 48 
 3 81  4 85 52 28 25 32  9 100 31 31 82 24 96 33 83 25 63 80 42 100 55 10 95 12 32 42 34 10 22 87  1 63 94 90  5 73 77 10 50 96 63 74 96 18  4 74 49 34 62 32  6 98 74 67 30 38  1 12 22 13 49 47 83 89 40 62  3 40 17 21  5 30 73  1  8 44 61 68 64 15  0 70 84 15 35 58 91 38  6 44 66  6 53 66 20 48 89 46 
24 33 18 81 36 49 54  3 42 63 70 62 78 92 54 14 93 60 72 83 23 33 67  3 98  5 53 38 66 66 95 55 21 89 63 99 92 67  1 53 94 49 89 77 67 88 52 19 24 19 87 11 88 77 93 78 84 80 21 72 32 83 73 38 10 49 39 43 44 65 15  5 91 78 25 64 32  1 49 70 66 60 70  0 66 90 12 21 94 100 39 77 100 21 61 96 59 11 16 96 
21 57 88 19 11 34 65 12  5 72 19  2 94  4 49 50 53 78 98 62 95 52 85 99  7 91 87 34 91 66 42 87 95  9 66 79  2 14 50  1 78 61 83 42 99 42 35  4 41 22 36 19 100 45 48 14 45 89 61 20  1 56 83 42 73 37 18 26 86 18 55 59 95 18 39 46 36 29 19 56 49 85 84 66  0  2  2 31 85  5  7 40  3  6 33 96 33 55 52 26 
 5 62 16 95 77 82 27 28 55 72 32 84 86 91 55 67 15 41 26 44 59 65 47 77 32  7 81 76 96  5 79  1 97 60 43 35 17 37 61 64 61 63 98  5 13 65 74 92 38 49  8 75 19  3 56 83 37 74 80  2 77 65 22 87 38 33 25  1 36 17 96 37 71 63 83 100 74  1 77 40 58 27 15 90  2  0 98 62 83 76  8 100 91 68 38 69 36 96 69 90 
69 23 70 45 29 44 50 92 25 45 55 60 11 13 15 94 69 74 25 59 52  1 14 71 24 52 19 31 35 57 27 79 66 66 33 60 41 99 68 10 12 90 59 59 92 53 28 44  3 95 80  5 69 53 85  4 88 75 70 24 19 72 61 24 22 62 10 77 84 51 17 50 89 72  6 87 63 90 79 34 54 44 35 12  2 98  0 99 11 25 47 73 98  4 21 51 60 22 37 44 
29 69 91 87 68 10 15  5 59 89  8 63 54 49  7 42 36 65 62 51 87 72 45  8  2 70 38 19 92 51 95 95 100 20 47  7 95 39 25 12 91  2 33 18 75 58 98 80 86 96 76 34 32 23 71 38 10 55 66 49 13 18 45 62 85 99 100 90 59 64 66 10 49 10 46 12 39 47 48 91 99 36 58 21 31 62 99  0 97 85  6 85 94  8 58 95 43 24 82 52 
15 15 56 56 77 63 29 97 44 38 54  2 39 56 52 27 43 75 76 38 21 64 22 78 84 90 15  3 98 93 35 86 47 48 52 46 77  8 91 53 48 76 97 32 57 90 37 84 68 72 52 97 77 90 100 26 66 82 19  1 36 40  5 61 61  3 92  7 74 13 46 26 68 66 73 59 39 25 58 76 96 42 91 94 85 83 11 97  0 37 50  6  6 43 30 80 26 65 75 22 
45 93 85 39  5 74 62 66  3 23 90 91 67 37 70 66 20 53 14 99 20 62 75 95 85 60 20 63 65 60 58 51 38 100 62 71 35 62 85  4 56 54 83 19 53  3 72 56 62 29 82 43 74 37 94 70 64 83 16 93 73 29  3 46 35 28 20 80 64 64 65 56 87 96  7  8 39 48 39 75 79 72 38 100  5 76 25 85 37  0 11 85 24 67 42 55 81 52 37  8 
62 98 52 10 25 70 73  6 41 89 84 50 29 94 64 38 19 62 88  1 38 94 98  5 27  1 75 62 62 12 100  4 80 91  9 10 25 23 18 41 31 22 13 85 64 39  9 88 94 14 53 72 10 70 82 92 52 85 58 71 73 12 38  7 47 35 90 92 64 84 72 59 60 31 14 25 45 59 92 57 69 10  6 39  7  8 47  6 50 11  0 37 95 52 24 85 99 56  7 90 
31 73 55 44 41 59 24 42 87 76 68  7 14  2 33 57  8 57  6 62 32 60 53 66 89 64 44 28 14 99 70 16 47  3 39  1 84 76 61 40 20 37 13 67 56 55 78  5 35 48 83 30 97 11 17 96 47 59 96 73 22 20 79  7 50 91 94  1 100 96 80 45  5 30 24  6 40 33 38  1 49 47 44 77 40 100 73 85  6 85 37  0 80  6 45 76 25 27 68 65 
39  2 70 96 84 94 62 74 78 11  2 58 31 32 59 50 99 19 76 54 39 61 64 41 99 20 41 58 80 87 11 66 34 79 62 24 61  3 28 46 38 23 11 45 64 41 44 96 66 23 19 52 59 71 48 57  8 78 11 80 11 80 48 83 49 10 95  8 55 50 82 41  5 95 60 94 16 72 87 93  3 87 66 100  3 91 98 94  6 24 95 80  0 93 95 21 24 53 44 96 
68 13 46 68 16  6 88 16 23 86 30  5 26 78 50  2 29 65 55 22 74 43 11 43 89 42 10 66 94 60 86 79 21 67 99 73  3 83 34 56 100 24 51 10 61 97 36 90  1 25 30 66 79 62 83 56 59 95 95 91 33 30 29 68 42 20 46 54 87 95 90 65 26 67 82 20  3 48 94 20 15 17  6 21  6 68  4  8 43 67 52  6 93  0 25 94 24 43 35 25 
51 57 98 34 43 67 36 15 76 29 91 73 65 46 12 53 49  1 29 74 84  4 40 95 39 37 62 64 19 92 19 86 66 20 84  7 67 80 100 74  9 90 100 68 43 35 79 72 60 46 61 66 26 60 16 50 17 99 50 19 65 37  4 32 83 37 14 80 85 80 77 29 84 76 87 93 97 100 70 59 44 18 53 61 33 38 21 58 30 42 24 45 95 25  0 97 13 36 25  7 
 7 47 37 97 17 53  9 41 79 49 75 50 92 26 72 42 38 26 52 99 61 53 45 79 54 36  8 70 19 91 39 88 78  2  8 58 73 48 85 84 24 89 75 17 36  4 38  2 33 31 46 53 100  8 18 79 78 53  9 86 61 61 14 19 81 32 70 37 76 86 71 48 22 56 14 44 37 51 86 74 71 22 66 96 96 69 51 95 80 55 85 76 21 94 97  0 82 41 85 67 
64  5 30 18 64 94 16 49 34 35 58 18 100 90 11 93 59 18 94 47 10 69 88 86 48 25 83 46 65  7 29 19 69 69  4 65 28 71 43 24  1 59 67 25 93 58  2 24 47 45 33 28 48 56 56 20 37  3 91 36 95  4 63  7 34 22 88 44 66 15 63 34 78 55 43 71 38 92 45 28 15 34 20 59 33 36 60 43 26 81 99 25 24 24 13 82  0 17 42 85 
73 26 61 38 89 21 41 99 54 86 12 70 83 42 38 82 79 71  7 15 42  9 28 71 29 24 54 19 36 12 71 49 72 27  2 12 97 10 70 24 100 95 16 86 17 96 35 62 12 54 86 42  9 68  7 60 42 37 80 91 76 24  4 88 93 48 74 17 66 81 92  2 83 39 93 56 94 57 21 79 15 31 48 11 55 96 22 24 65 52 56 27 53 43 36 41 17  0 49 33 
49 67  2 83 42 41 46 18 51 65 95 67 51 81 78 95 84 63 94  6 32 97 24 46 86 32 92 79 30  5  9 73 76 72 58 51 33 18  4 98 70 73 54 90 67 22 36 94 20 19 85 65 70 87 91 26 67 96 27 100 72 41 73 43 54 15 58 35 89 55 10 25 32 31  4 97  6 69 19 19 10 67 89 16 52 69 37 82 75 37  7 68 44 35 25 85 42 49  0 49 
62  7 14 44 75 48  9 42 41 75 17 27 17 23 21 85 46 43  1 34 100 28 51 19 11 61 26 86 49 76 20 31 96 63  1 47 62 71 25 48 28 26 83  7 15 49 38 42 31  8  3 96 27 80 83 34 54 50 39 78 41 81 69 96  8 21 14 99 31 71 94 94 66 31 40 70 17 100 31 43 86 48 46 96 26 90 44 52 22  8 90 65 96 25  7 67 85 33 49  0 

 0 67 67 52 44 14 15 45 25 85 65 68 42 43 18 31 73 84 13 68 10 88 42 76 18 50 74 55 50 79 41 96 31 62 62 57 74 65 90 70 80 30 16 25 47 74 69 15 48 30 40 100 38 42 56 40 89 87 21 50 71 57 69 17 62 33 93 37 84 52 82 90 82 45 35  1 62 45 81 33 37 61 37 35 66 42 98  2 55 62 85 15 10 68 71 25  2 70 55 60 
67  0 52 44 84 78 73 16 50 10 30 55 90  7 74 49 86 98 40 50 65 21 71 75 14 37 90 18 67 74 71 38 65 50 92 66 80 54 45 86 27 83 24 79 96 81 97 59 86 34 81 54 76  4  3 61  1 95 51 40 60 31 31 44 49 42  7 55 53 22 57  1 81 44 73 55 55 82 16 42 54 69 100 61 69 13 98 95  4 56 71 57  4 70 39 86 26 25 66 36 
67 52  0 70 53 88 11 99 52 21 16 44 57 83 77 32 28 23 92 85 88 27 52  1  9 87 68 66 34 36 78 23 64 54 17 56 22 65 89 41 97 31 46 83 29 56 65 24 25 80 56 29 91 62  4 48 90 71 43 78 16 40 88 54  8 68 88 58 50 94 56 81 39 57 51 37 72 15 26  7  3 28 19 41 79 21 75 89 41 27 64 71 46 11 44 63 48 80 52 39 
52 44 70  0 41 30 67 32 94 95 58 73 79 34 30 57 46 12 62 12 72 80 47 68 11 53 58 85 56 39 95 21 16 96 63 62 41 35 83 85 54 11 12 96 48 63  5 37 18 68 75 17 34 28 51  6 62 76 72 56 59 61 64 90 37 96  1  2 53 97 61 23 19 91 77 19 97 43 45 61  4 22 69 83  8 100 59 73 36 49 23 19 62 63  4 89 17 52 19 41 
44 84 53 41  0 24 45 16 46 23 76 65 15 45 46 10 67 30 28 56 86 30 54 49 26 59 28 69 59  5 30 63 38 44 37 11 41 64 12 66 86 62 45 89 12 22 63 67 33 39 24 21 72 41 87 24 61 19 15 55 78 60 94 100 46 52 34 57 60 88 20 38 58 60 45 28 12 49  6 26 65 18 20 13 30 34 51 71 10 22 81  8 79 34 67 33 60 88 63 79 
14 78 88 30 24  0 10 24 82 86  3 83 26 83 50 97 92 36 26 83 40 23  8 59 30 67 32 55 57 63  5 59 25  6 85 68 21 100 13 23 42 90 66 91 68 64 70 91 58 14  5  6  3 87 68 10 41 82 25 73 49 21 63 57 58 50 60  2 37 15 61 19 82 54 45 89 63 75 83 49 55 68 27 53 25 89 69 12 85 23 91 41 60 42 74 32 97 10 46 46 
15 73 11 67 45 10  0 16 43 76 92 80 37 43 75 85 72 18 42 61 42  8 39 84 36 17 54 54 73 71 40 47 45 16 48 22 78 56 84 62 64 92 83 80 58 53 24 37 16 15  6 79 77 52 100 76 69 78 86 51 77 83 68 25 67 92 63 88 44 63 19 41 46 34  9 89 17 61 76 78 35  9 28 74 90 11 73 24  3 68 48 66 23 90 37 17 53  4 10 14 
45 16 99 32 16 24 16  0 44 52 58 73 59 83 36  3 30 66 26 65 93 20 59 82 75 96 32 43 28  3 15 39 49 15 53 40 82 67 32 76 96 65 35 70 19 85 80 90 26 45 92 29 62 43 30 82 76 12 67 98 67 62  1 39 97 56 11 27 63 78 66 52  1 91 48 73 71 40 77  6 58 86 44 30 32 35 78 37 89 67 21 47 39 46 28 41 45 92 38 65 
25 50 52 94 46 82 43 44  0 36 61 64  2 52 51 11 100 12 64 70 81 71 93 73 59 66 17 68  4 51 56 42 81  1 45 41 58 61 61  1  9 36 83  3 63 100 24 88 45 96 35 42 27 56  9 96 56 53 70 87 69 82 47 55 84 81 80 22 34 25  4 92 54 15 72 17 69 51 72 92 21 13 31 18 51 64  4 66 53  1 21 84 69 42 64 99 45  3 67 89 
85 10 21 95 23 86 76 52 36  0 47 66 41  3 46 26 81  7 48 95 71  1 16 62 85 91 15 63 65 30 53 50 17 64  5 43 23 78 81 89 57 38 10 89 17 13 34 27 69 61 60 90 35 68 30 11 51 20 70 54 60 15 95 85 20 54 28 21 73 51 30 23 24  9 40  9 48 40 95 91 33 68 69 61 28 81 16 51 28  9 93 85 35 82 35 25 25 99 73 70 
65 30 16 58 76  3 92 58 61 47  0 53 10 85 89 26 46 44 72 60 87 17 83 61 27 51 19 58 41 77 84 56 95 97 30 60 72 76 23 63  7 99 36 76 30 63 39 87 73 21 22  3 48 85 69 17 63 10 12 58 48 65 78 51 72 86 47 18 66 48 55 78 51 90 38 65 34 100 49 62 30 97 24 41 10 54 60 23 31 59 84 33 21  6 38 77 23 40 75 28 
68 55 44 73 65 83 80 73 64 66 53  0 26 50 81 37 45 89 31 76 46 93 15 27 36 16 58 38 52  6 79 22  2 35 86  4  5 35 47 12 47 16 62 16 84 77 84 68 42 32 11 85 90 88 48 43 19 81 60 94  8 62 91 68 70 28 14 77 61 78 63 78 25 69 97 34 81 77 49 93 40 100 41 42 41 41 63 69  3 63 45  2 38 20 98 47 17 56 55 18 
42 90 57 79 15 26 37 59  2 41 10 26  0 71 24 12 43 71 75 17 89 14 62 85 36 17 51 83 61 77 32 60 68  9 65 60 11 66  3 99 57 27 34 37 64 59 27 18 68 70 58 35 30 88 75 30 61 98 39 79 76 32 53 53 49 53  1 13  7 43 12 27 65  1 83 29 19 64  7 95 82  2 65 66 89 80 42 61 46 27 56 11 40 31 27 78 96 78 15 64 
43  7 83 34 45 83 43 83 52  3 85 50 71  0 50 65 81 36  7 82 68 45 94  5 92 65 23 78 84 19 35  6 77 60 14 38 31 39 20 32 58 58 81 55 92 65 65 22 57 54 82 55 32 99 65 44 32 98 32 78 45 55 23 18 91 40 12 14 54 37 55 85 28  2 37 39 73 28 58 16 62 100 31 88 20 89  1 26 58 42 78 24 43 74 75 64 98 22 88  6 
18 74 77 30 46 50 75 36 51 46 89 81 24 50  0 17 94 37 71 24 39 84 65 18 27 38 31 11 34 26 25 21 43  7 24 57 43 10 46 59 75 73 88 29 20 72 55 60 70 46 36 54 100 34 22 66  7 17 41  3 92 35 53 40  9 79 58 19 45 62 10 77 47 25 13 27 38  7 53 17 75 82 79 52 42 82 47 10 52 65 50 52 61 62 47 76 25 60 99 70 
31 49 32 57 10 97 85  3 11 26 26 37 12 65 17  0 78 54 25 33 17 69 82 31 16 48 69 47 34 40 17  4  3 76 68 39 18 40 16 93 29 92 48 99 50 16 65 22 30 61 28 95 93 40 29  7 35 18 81 28 39 18 71  4 48 75 29 33 70 12 24 81 50 83 51 93 51 50 58 65 62 34 74 37 47 80 100 41 24 63 67 41 48  9 47 51 90 93 66 70 
73 86 28 46 67 92 72 30 100 81 46 45 43 81 94 78  0 35 39 27 90 32  1 12 64 36 46 45 37 37 72 22 39 69  2 12 47 85 36 31 34 34 98 52 17 93 54 86 35 36 54 99 47 69 52 21 11 91 88 23 52 73 49 86  3 13 98 48 39 52 75 45 77 67 69 33 18 21 17 99 34 95 61 68 32 37 77 83 30 33 19  1 70 13 57 45 32 60 55 29 
84 98 23 12 30 36 18 66 12  7 44 89 71 36 37 54 35  0 61 62 45 70 71 81 13 38 56 59 77 46 38 82 48 75 62 12 69 66 32 77 48 91  7 78 89 50 35 51 49 12 57 73 100 53  7 37 93 67 74 36 97  8 26 53 72 65 63 77 94 57 74 77  9 45 38 99 79 83 14 41 67 84 52 93 55 49 78 48 75 12 81 70 26 49 28 53 63 96 33 64 
13 40 92 62 28 26 42 26 64 48 72 31 75  7 71 25 39 61  0 57 38 93 92 82 72 50 64  7 15 87 38 67 12 71 51 26 51 29 14 24 98 18  4 51 17 43 70  5 81 34 79 57 21 82 42 52 96 10 34 68 58 76 33 14 65 39 72 88 77 13 22 84 51 14 86 86 70 100 63 58 94 43 77 39 62 20 26 42 26 33 63 40 94 57 15 89 75 11 83 25 
68 50 85 12 56 83 61 65 70 95 60 76 17 82 24 33 27 62 57  0 45 43 25 37 54 19 43 34 80 58 86 100 32 13 64 44 18 91 97 11 21 100  7 78  6 45 35 56 26 39 40 78 63 79 20 91 82 54 41 63 19 26 78 81 36 48 48 29 72 41 30  5  2 74 56  9 59 43 85 41 65 28 66 95 28 58 42 40 28 99 13 69  4  4 17 78 25 33 18 16 
10 65 88 72 86 40 42 93 81 71 87 46 89 68 39 17 90 45 38 45  0 64 61 48 77 77 28 41 49 64 15 26 45  3 86 80 44 73 55 48  1 58 12  1  4 31 49 35 93 75 12 79 82 72 77 85 82 69 22 72 77 17 11 35 35 44 97 11 11 54 61 17 21 82 34 61 56 84 50 62 92 33 82 35 63 75 90 65 32 42 59 26 88  7 79 17  2 37 53 86 
88 21 27 80 30 23  8 20 71  1 17 93 14 45 84 69 32 70 93 43 64  0 12 70 65 75 49 82 75 78 65  7 63 69 34  7 87 60 43 17 80  6 59  6  7 95 49 24 32 66 80 71 74 79 38 53 48 23  7 77 88 50 59 50 51 98 70 70 70 54 34  1 54 67 47 47 49 45 79 97 73 60 99 25  9 65 27 73 67 94 55 99 53 20 14 81 24 26 49  7 
42 71 52 47 54  8 39 59 93 16 83 15 62 94 65 82  1 71 92 25 61 12  0 43 75 12 74  6 64 37 43 69 93 60 71 74 49 19 46 17 78 29 97 64 45 17 68 54 43 71 86 60 19 17 39 51 97 47 50 76 67 65 46 19 78 84 84 75 40 65 82 66 69 74 69 41 25 83 67 42 46 81 19 70 29 69 17 64 64 87 86 41 85  5 93 17 43 71  4 37 
76 75  1 68 49 59 84 82 73 62 61 27 85  5 18 31 12 81 82 37 48 70 43  0 99 23 37 65 66 22 84 40 79 95 23 43 65 42 40 92 67 66 43 87 76 87 38 95 81 40 52 66 12 80 84 84 63 73  6 46 42 45 90 77 91 28 18 76 72 15 39 39 37 18 12 75 29 54 57  7 71 45  7 30 69 88 92 15 75 83 12 48 50 71 81 70 94 45 70 33 
18 14  9 11 26 30 36 75 59 85 27 36 36 92 27 16 64 13 72 54 77 65 75 99  0 66 83 42 74 57 41 19 59 52 24 75 55 67 60 52 12 58 32 28 11 23 30  8 58 33 69 70 32 24 69 45 85 56 80 13 76 61  3 54 30 20 98 22 41 60 22 70 78 93 55 96 100 47 52 52 68 32 63 85 31 66 79 11 100 64 61 82 90 47 27 50 58 61 89  7 
50 37 87 53 59 67 17 96 66 91 51 16 17 65 38 48 36 38 50 19 77 75 12 23 66  0 32  2 36 41 46 45 93 49 29  3 66 76 16 34 86 37 72 44 45 46  1 78 33 23 15 21 100 21 91 60 26 69 48 76 91 54 91 81 45 41 37  8 44 99 81 30 24 99 13 86 31 29  4 53 99 45 58 48 92  1 60 100 85 30 22 27 24 24 45 55 42 34 47 30 
74 90 68 58 28 32 54 32 17 15 19 58 51 23 31 69 46 56 64 43 28 49 74 37 83 32  0 62 45 46 88 66 47 15 39 22 74 72 80 41 55 98 88 45 14 43 84 30 56 47  6 77 50  7 25 28 15 65 33 34 45 99 59 15 25 56 36 78 83 50 78 68 46 17 66 79 77 63 51 45 59 75 41 75 98 56 29 36 25 32 88 43 30 23 74 33  8 20 78 76 
55 18 66 85 69 55 54 43 68 63 58 38 83 78 11 47 45 59  7 34 41 82  6 65 42  2 62  0 84 15 37 17 84 55 64 57 56 38 74 64 75 65 79 32 96 64 51  6  3 13 54 23 85 79 60 82  1 57  4 49  2 55 11 43 37 46 79 93 92 34 69 47 46 85 42 15 42 54 77 87 82 33 22 37 28 89 30 54 52 49 79 53 74 39 100 47 19 43 95 72 
50 67 34 56 59 57 73 28  4 65 41 52 61 84 34 34 37 77 15 80 49 75 64 66 74 36 45 84  0 74 27 22 84 91 47  8 89 60 75 28 52 73 48 74 41 61 51 36 51 19 35 48 11 76 58 94 56 38  2 69 51 90  8 43 54 63 100 89 57 87 68 72 17 79 50 61 42 70 82 29 13 39 26 60 88 48 37 84 75 89 27 18 22 48 13 52 39 45 22 38 
79 74 36 39  5 63 71  3 51 30 77  6 77 19 26 40 37 46 87 58 64 78 37 22 57 41 46 15 74  0 89  8 26 71 65 53 80 59 46 47 67 76 63 77 100 45 58 31 74 53 87 90 44 25 32 85 77 69 36 64 60  9 46 61 33 92 17 15 48 10 20 81 27 44  3 35 82 38 17 36 55  9  1 37 55 19 77 24 94 73 14 87 76 92 80 92 23 29 14 84 
41 71 78 95 30  5 40 15 56 53 84 79 32 35 25 17 72 38 38 86 15 65 43 84 41 46 88 37 27 89  0 48 69 28 85 51 35 72 78 44 72 19 67 42 22 42 67 43 26 96 30 36 60 21 96 90 77 39  6 95 14 45 11  7 23 79 37 36 78  3 20 45 31 11 49  5 19 70 18 50 79  9 74 77 29 58 60 47 23 40 77 45  7 98 11 54 54 50 27 32 
96 38 23 21 63 59 47 39 42 50 56 22 60  6 21  4 22 82 67 100 26  7 69 40 19 45 66 17 22  8 48  0 23 34 33 75 59 40 28 34 48 77 50 42 63 37 62  5 68 11  1 32 37 63 77 57 75 89 34 54 27 12 60 87 70 43 66 68 76 64 12 76 32 91 68 13 35 28 43 76 93 55 25 51 100 33 55 81 40 47  8 59 61 61 80 52 14 58 61 53 
31 65 64 16 38 25 45 49 81 17 95  2 68 77 43  3 39 48 12 32 45 63 93 79 59 93 47 84 84 26 69 23  0 82 87 72 70 57 32  4 55 47 71 99 94  6 15  4  1 14  9 26 91 96 28 97 62 32 66 21 46 39  8 40 48 24 27 61 50 70 44 80 74 66 72 58 25 18 88 42 55 52 17 59 79 89 42 72 61 24 77 83 19 38 70 50 66 60 59 99 
62 50 54 96 44  6 16 15  1 64 97 35  9 60  7 76 69 75 71 13  3 69 60 95 52 49 15 55 91 71 28 34 82  0 16 60 21 85  8 58 65 63 23 24  9 85 13 59  5 24 42 89 35 31 55 46 69 38 10 30 31 79 65 53 53 63 39 86 36 25 26 52  5 85 27 54 17 52 26 24 95 40 75 33 35 57 44 42 68 70 100 23 95 84  9 15 84  4 89 77 
62 92 17 63 37 85 48 53 45  5 30 86 65 14 24 68  2 62 51 64 86 34 71 23 24 29 39 64 47 65 85 33 87 16  0 75  3 62 27  4 48 31 82 11 58 48 13 18 65 11 94 56 22 64 12 75 55  4 36 31 37 29 80 99 85 35 70 94 32 17 58 47 49 45 68 83 34 41 58 86 71  2 100 87  9 66 34 40 48 97 33 46 91 25 85 63 14  6 94 21 
57 66 56 62 11 68 22 40 41 43 60  4 60 38 57 39 12 12 26 44 80  7 74 43 75  3 22 57  8 53 51 75 72 60 75  0 69 53 65 49 89 17 64 81 76 83 19 22  7 84 80 56 33 36 99  8 74 42 43 41 98 39 79 46 71 23 74 15 32 66 25  3 49 46 100 90 45 92 40 29 19 68 73 83 41 44 41 27 27 25 14  4 22 59  8 52 94 16 49 90 
74 80 22 41 41 21 78 82 58 23 72  5 11 31 43 18 47 69 51 18 44 87 49 65 55 66 74 56 89 80 35 59 70 21  3 69  0 45 20 47 35 47 85 30 38 25 24 39 81 74 42 17 16 80 75 14  4 91 33 69 13 38 62 66  2  4  5 22 56 73 80 38 46 13 23 71 12 13 50 70 34 95 26 68  7 16 94 86 56 33 20 96 90 35 54 69 21 76 24 23 
65 54 65 35 64 100 56 67 61 78 76 35 66 39 10 40 85 66 29 91 73 60 19 42 67 76 72 38 60 59 72 40 57 85 62 53 45  0 72 45 85 34  4 85 12 23 33 21 54 61 84 49 59 58 88 68 37 16 82  9 40 33 50 78 66 75 75 20 72 30 70 74  2  5 23 72 23 78 40 83 38 82 59 94  5 14 90 57  5 63 65 66 19 81 77 58 69  7 63 56 
90 45 89 83 12 13 84 32 61 81 23 47  3 20 46 16 36 32 14 97 55 43 46 40 60 16 80 74 75 46 78 28 32  8 27 65 20 72  0  2 24 90 64 30 60 83 23 88 60 38 11 31 80 59 55 82 53 37 66 48 56 70 29 31 42 48 42 77 55 49 76 33 55  2 34 63 41  9 16 26 53 80 84  1 29 59 56 47 72 98 45 15 46 44 44 89 99 64  9 26 
70 86 41 85 66 23 62 76  1 89 63 12 99 32 59 93 31 77 24 11 48 17 17 92 52 34 41 64 28 47 44 34  4 58  4 49 47 45  2  0 78 70 65 45  5  7 36 94 88 92 32 58 11 26 23 69 40 30 26 73 52 52 27 83 78 21 80 20 23 73 87 16 86 36 25 62 84 36 77 46  1 83 47 49 18 63 12 26 91  1 74 69 52 37 88 99 66 24 88 98 
80 27 97 54 86 42 64 96  9 57  7 47 57 58 75 29 34 48 98 21  1 80 78 67 12 86 55 75 52 67 72 48 55 65 48 89 35 85 24 78  0 67 54 90 48 53 43  9  9 28 43 25 33 55 26 19 90 65  7 67 81 26 80 92 37 69 43 66 41 85  8 21 37 35 31 79 75 67 76 51 58 37 41 91 67 66 12 86  3 82 75 20  2 81 33 40 62 75 91  1 
30 83 31 11 62 90 92 65 36 38 99 16 27 58 73 92 34 91 18 100 58  6 29 66 58 37 98 65 73 76 19 77 47 63 31 17 47 34 90 70 67  0 82 21 40 21 43 51 28 98 100 96 99 87 85 24 89 49 76 66 20 18 20 56 94 53 67 48 29 13 64 65 18 76 86 48 81 42 94 80 14 99 83 57 78 79 60 36 64 38 39 10 43 60 76 68 43 61 79 19 
16 24 46 12 45 66 83 35 83 10 36 62 34 81 88 48 98  7  4  7 12 59 97 43 32 72 88 79 48 63 67 50 71 23 82 64 85  4 64 65 54 82  0 56 22 25 26 39 81 30 91 59 32 64 59 52 61  9  2 49 25 89 47 97 61 72 74 65 68 20 66 76 94 89 21 11 59  3 10 74 14 62 70 41 54 51 27 48 73 74 10  1 46 54 94 58 55 16 24 57 
25 79 83 96 89 91 80 70  3 89 76 16 37 55 29 99 52 78 51 78  1  6 64 87 28 44 45 32 74 77 42 42 99 24 11 81 30 85 30 45 90 21 56  0 60 22 61 38 28 60  6 19 17 55 47 48 33  6 77 55 63 22 88 61 23 63 95 14 77 48 92 30 26 27 56 39 89 39 56 20 37 83 61 48 77 14 58 30  1  3 76 91 45 35 23 32 13 89 56 16 
47 96 29 48 12 68 58 19 63 17 30 84 64 92 20 50 17 89 17  6  4  7 45 76 11 45 14 96 41 100 22 63 94  9 58 76 38 12 60  5 48 40 22 60  0 92 38 69 35 81 94 83 12 88 61 92 97 71 87 88 81 35 51 37 95 95 34 77 15 85 61 80 11 33 86 93 20 17 27 68 71 61 84 79 68 12 98 30 15 68 27 49 44 48 16 51 64 32 13 37 
74 81 56 63 22 64 53 85 100 13 63 77 59 65 72 16 93 50 43 45 31 95 17 87 23 46 43 64 61 45 42 37  6 85 48 83 25 23 83  7 53 21 25 22 92  0 39 25 41 63 72 19 60 77 100 29 28 37 45 56 79 27 54 93 37 27 87 35 79 89 71  7 17 45 59 40 59 27 64 11 16 38 70 93 87 86 45 83 43 52 66 65 68 90 41 34 28 83  7 52 
69 97 65  5 63 70 24 80 24 34 39 84 27 65 55 65 54 35 70 35 49 49 68 38 30  1 84 51 51 58 67 62 15 13 13 19 24 33 23 36 43 43 26 61 38 39  0 75  1 20 90 59 13 69 71 95 14 45 52 73 79 38 53 54 71 62 97 85 56 80 12 84  7 14 64 46 77 19 88 39 34 86 20 28 51 43 58 60 29 85 12 62  8 93 66 29 53 33  3 45 
15 59 24 37 67 91 37 90 88 27 87 68 18 22 60 22 86 51  5 56 35 24 54 95  8 78 30  6 36 31 43  5  4 59 18 22 39 21 88 94  9 51 39 38 69 25 75  0  6 69 12 32 60 55 10 44 72 44 73 87 14 27 12 78 45  1 89 59 44 59 31  1 16 85 58 52 80 30 45 31 96 27 58 50  1 62 26 14 36 74 66 50 56 100 28 37 51 80 70 40 
48 86 25 18 33 58 16 26 45 69 73 42 68 57 70 30 35 49 81 26 93 32 43 81 58 33 56  3 51 74 26 68  1  5 65  7 81 54 60 88  9 28 81 28 35 41  1  6  0 89 24 77 82 60 65 57 67 99  3 71 17 94 61 78 26 78 39 13 69 84 86 35 23 44 91 76 85 33  8  2 38 35 22 40 39 64 22 86 82 85 11 40 33 42 86 76 76 13 23 74 
30 34 80 68 39 14 15 45 96 61 21 32 70 54 46 61 36 12 34 39 75 66 71 40 33 23 47 13 19 53 96 11 14 24 11 84 74 61 38 92 28 98 30 60 81 63 20 69 89  0 35 50 65 12 56  4 24 16  3  2 82 58 80 93 78 88  8 12 37 51  3 87 34 45 42 76 33 21 15 12 54 89 18 70 30 35 89 69 24 43  2 89 74 52 13 40 49 85 16  8 
40 81 56 75 24  5  6 92 35 60 22 11 58 82 36 28 54 57 79 40 12 80 86 52 69 15  6 54 35 87 30  1  9 42 94 80 42 84 11 32 43 100 91  6 94 72 90 12 24 35  0 53 97 11 65 23 53 89 38  3 84 57 41 55 100  5 39 66 61 48 28 34 87 41 71 64 78  5 58 26 38  2 43 45 45 44 25 62 73 91 39 49 39 24 66 81 29 65 67  4 
100 54 29 17 21  6 79 29 42 90  3 85 35 55 54 95 99 73 57 78 79 71 60 66 70 21 77 23 48 90 36 32 26 89 56 56 17 49 31 58 25 96 59 19 83 19 59 32 77 50 53  0 89 25 11 90 24 34 51  8  4 71 14 87 34 20 14 88 68 34 55 38 47 34 36 46  6 84  8 25 88 13 82 23 38 54 32 54 95 49 79 17 55 68 73 94 25 30 54 86 
38 76 91 34 72  3 77 62 27 35 48 90 30 32 100 93 47 100 21 63 82 74 19 12 32 100 50 85 11 44 60 37 91 35 22 33 16 59 80 11 33 99 32 17 12 60 13 60 82 65 97 89  0 72 31 79 48 29 87  7 12 86 98 49 35 25 92 84 83 46 43 27 29 57 98 81  1 82 40 35 65 25 29 91 95  7 78 72 16 62 23 83 52 91 62 58 63  7 67 41 
42  4 62 28 41 87 52 43 56 68 85 88 88 99 34 40 69 53 82 79 72 79 17 80 24 21  7 79 76 25 21 63 96 31 64 36 80 58 59 26 55 87 64 55 88 77 69 55 60 12 11 25 72  0 14 64 39 62 42 73 32  9 34 43 32 65 43 57 19 27 62 35 34 85 31 92 51 58 65 75 23 52 87 51 70 46 30 41 92 31 65 15 89 45 33  9 42 83 82 98 
56  3  4 51 87 68 100 30  9 30 69 48 75 65 22 29 52  7 42 20 77 38 39 84 69 91 25 60 58 32 96 77 28 55 12 99 75 88 55 23 26 85 59 47 61 100 71 10 65 56 65 11 31 14  0  9 87 48 52 99 56 85 85 58 27 77  3 13 62 15 44 69 29 23 92 25 98 40 29 22  7 79 65 94 51 70 19 58 84 82 88 22 71 77  2 24 31 28 87 57 
40 61 48  6 24 10 76 82 96 11 17 43 30 44 66  7 21 37 52 91 85 53 51 84 45 60 28 82 94 85 90 57 97 46 75  8 14 68 82 69 19 24 52 48 92 29 95 44 57  4 23 90 79 64  9  0 37 53 23 82 92 75 50 94 27 29 55 56 92 12 42 64 43 64 30 21 80 18 44 66 50 85 62 88 10 98 33 32 45 93 62 88 40 60 87 48 22 33  5  8 
89  1 90 62 61 41 69 76 56 51 63 19 61 32  7 35 11 93 96 82 82 48 97 63 85 26 15  1 56 77 77 75 62 69 55 74  4 37 53 40 90 89 61 33 97 28 14 72 67 24 53 24 48 39 87 37  0 98 10 61 19 22 84 37 91  7  6 58 41 22 36  8 27 20 40 31 65 58  3 61 11 66 92 30 65 61 99 32 61 93 44 29 13 43  3 51 83 11 42 42 
87 95 71 76 19 82 78 12 53 20 10 81 98 98 17 18 91 67 10 54 69 23 47 73 56 69 65 57 38 69 39 89 32 38  4 42 91 16 37 30 65 49  9  6 71 37 45 44 99 16 89 34 29 62 48 53 98  0 80  1 67 14 28 90 59 83  9 23 31 84 45 77 17 92 44 85  2 58 42 20 81 90  2 83 84 77 82 87 79 82 65 60 100 67 98 96  6 59 97 58 
21 51 43 72 15 25 86 67 70 70 12 60 39 32 41 81 88 74 34 41 22  7 50  6 80 48 33  4  2 36  6 34 66 10 36 43 33 82 66 26  7 76  2 77 87 45 52 73  3  3 38 51 87 42 52 23 10 80  0 69 51 54 45 34 47 18  3 72 78 74 28 96 25 57 15 68  3 47 37  8 82 30 44 48 57 92 78 85 32 75 96 97 25 84 51 18 83 38 76 34 
50 40 78 56 55 73 51 98 87 54 58 94 79 78  3 28 23 36 68 63 72 77 76 46 13 76 34 49 69 64 95 54 21 30 31 41 69  9 48 73 67 66 49 55 88 56 73 87 71  2  3  8  7 73 99 82 61  1 69  0 36 28 55 47 13 10 20 70 61 74 86 59 77 60 76 42 78 36 52 43 36 72 69 22 16 20 28 39 15 89 53 47 84 93  4 80 51 78 24 88 
71 60 16 59 78 49 77 67 69 60 48  8 76 45 92 39 52 97 58 19 77 88 67 42 76 91 45  2 51 60 14 27 46 31 37 98 13 40 56 52 81 20 25 63 81 79 79 14 17 82 84  4 12 32 56 92 19 67 51 36  0 49 17  7 62 98 42 30  1 68 43 96  2 21 14 33 21 17 98 72 98 50 64  4 34 69 28 11 42 75 47 11 33  1 52 55 65 81 53 18 
57 31 40 61 60 21 83 62 82 15 65 62 32 55 35 18 73  8 76 26 17 50 65 45 61 54 99 55 90  9 45 12 39 79 29 39 38 33 70 52 26 18 89 22 35 27 38 27 94 58 57 71 86  9 85 75 22 14 54 28 49  0  6 26 17 87 40 42 31 78 33 65 63 71 81 24 14 19 85 73  7 70 29 75 74 80 73 25 53 70  1 32 54 23 60 66 13  6 71 98 
69 31 88 64 94 63 68  1 47 95 78 91 53 23 53 71 49 26 33 78 11 59 46 90  3 91 59 11  8 46 11 60  8 65 80 79 62 50 29 27 80 20 47 88 51 54 53 12 61 80 41 14 98 34 85 50 84 28 45 55 17  6  0 24 34 31 90 36 49 40 35 88 98 20 27  8 51 28 56 28 54 87 28 46 31 41 99 17 45 10 29 94 65 29 56 32 35 20 38 84 
17 44 54 90 100 57 25 39 55 85 51 68 53 18 40  4 86 53 14 81 35 50 19 77 54 81 15 43 43 61  7 87 40 53 99 46 66 78 31 83 92 56 97 61 37 93 54 78 78 93 55 87 49 43 58 94 37 90 34 47  7 26 24  0 79 83 72 49 95 20 66 33 32 40 24 45 38 96 86 15 51 32 37 63 87 19 13 76 74 13 16 33 90 44 64 40 13 80 77 73 
62 49  8 37 46 58 67 97 84 20 72 70 49 91  9 48  3 72 65 36 35 51 78 91 30 45 25 37 54 33 23 70 48 53 85 71  2 66 42 78 37 94 61 23 95 37 71 45 26 78 100 34 35 32 27 27 91 59 47 13 62 17 34 79  0 56 63 39 21 95 56 71 47 76 48 72 49  3 97 53 10 44 81  4 64 40 34 74 42 52 64 17 55 55 64 86 17 67 19 29 
33 42 68 96 52 50 92 56 81 54 86 28 53 40 79 75 13 65 39 48 44 98 84 28 20 41 56 46 63 92 79 43 24 63 35 23  4 75 48 21 69 53 72 63 95 27 62  1 78 88  5 20 25 65 77 29  7 83 18 10 98 87 31 83 56  0 58 79 49 24 37 74 27 79 11  3 54  4 62 83  1 10 61 20 33 25 87 92 45 22 59 68 20 31 25 22 76 41 16 23 
93  7 88  1 34 60 63 11 80 28 47 14  1 12 58 29 98 63 72 48 97 70 84 18 98 37 36 79 100 17 37 66 27 39 70 74  5 75 42 80 43 67 74 95 34 87 97 89 39  8 39 14 92 43  3 55  6  9  3 20 42 40 90 72 63 58  0 53 67 11 52 45 36 18 20  7 28  8 85 60 95 78 45 37 10 40 22 58 91 21 67 97 68 24 42 43 76 52 42 33 
37 55 58  2 57  2 88 27 22 21 18 77 13 14 19 33 48 77 88 29 11 70 75 76 22  8 78 93 89 15 36 68 61 86 94 15 22 20 77 20 66 48 65 14 77 35 85 59 13 12 66 88 84 57 13 56 58 23 72 70 30 42 36 49 39 79 53  0 53 76 15 49  8 40 55 60 62 20 85 66 80  3 74 84 45 22 93 100 26 96 95  3 13 17 82 30 86  6 59 96 
84 53 50 53 60 37 44 63 34 73 66 61  7 54 45 70 39 94 77 72 11 70 40 72 41 44 83 92 57 48 78 76 50 36 32 32 56 72 55 23 41 29 68 77 15 79 56 44 69 37 61 68 83 19 62 92 41 31 78 61  1 31 49 95 21 49 67 53  0  3 85 23 48 80 69 21 26 73 85 74 32 100 26 12 64 26 63 58 69 69 22 95 40 63 58 74 26 60 63 54 
52 22 94 97 88 15 63 78 25 51 48 78 43 37 62 12 52 57 13 41 54 54 65 15 60 99 50 34 87 10  3 64 70 25 17 66 73 30 49 73 85 13 20 48 85 89 80 59 84 51 48 34 46 27 15 12 22 84 74 74 68 78 40 20 95 24 11 76  3  0 33 30 47 19 60 90 65  3 94 99 14 100 52 54 54 36 33 74  2 73 85 74 42 81 55 88 49 47 51 69 
82 57 56 61 20 61 19 66  4 30 55 63 12 55 10 24 75 74 22 30 61 34 82 39 22 81 78 69 68 20 20 12 44 26 58 25 80 70 76 87  8 64 66 92 61 71 12 31 86  3 28 55 43 62 44 42 36 45 28 86 43 33 35 66 56 37 52 15 85 33  0 53 15 54 14 24 50 10 68 61 35 18 24 44 33 86 14 11 51 51 91 78 78 60 71 58 46 79 69 80 
90  1 81 23 38 19 41 52 92 23 78 78 27 85 77 81 45 77 84  5 17  1 66 39 70 30 68 47 72 81 45 76 80 52 47  3 38 74 33 16 21 65 76 30 80  7 84  1 35 87 34 38 27 35 69 64  8 77 96 59 96 65 88 33 71 74 45 49 23 30 53  0 63 54 78 42 64 66 32 36 71 36  5 16 37 48 21 22 13 100 94 64 62 81 51 79 37 24 19 86 
82 81 39 19 58 82 46  1 54 24 51 25 65 28 47 50 77  9 51  2 21 54 69 37 78 24 46 46 17 27 31 32 74  5 49 49 46  2 55 86 37 18 94 26 11 17  7 16 23 34 87 47 29 34 29 43 27 17 25 77  2 63 98 32 47 27 36  8 48 47 15 63  0 99 63  8 98 16 17 86  5 83 21 69 83 59 10 48 69 58 89 32  4 16 96 51 89 51 48 99 
45 44 57 91 60 54 34 91 15  9 90 69  1  2 25 83 67 45 14 74 82 67 74 18 93 99 17 85 79 44 11 91 66 85 45 46 13  5  2 36 35 76 89 27 33 45 14 85 44 45 41 34 57 85 23 64 20 92 57 60 21 71 20 40 76 79 18 40 80 19 54 54 99  0 31 34 48 10 84 54 17 58 46 24 32 90 52 47 70 36 33 23 94 18 47 51 42 57 92 19 
35 73 51 77 45 45  9 48 72 40 38 97 83 37 13 51 69 38 86 56 34 47 69 12 55 13 66 42 50  3 49 68 72 27 68 100 23 23 34 25 31 86 21 56 86 59 64 58 91 42 71 36 98 31 92 30 40 44 15 76 14 81 27 24 48 11 20 55 69 60 14 78 63 31  0 65 22 68 32 30 65  9 36 17 16 63  5 37 88 46 13 12 40 72 80 64 59 79 12 40 
 1 55 37 19 28 89 89 73 17  9 65 34 29 39 27 93 33 99 86  9 61 47 41 75 96 86 79 15 61 35  5 13 58 54 83 90 71 72 63 62 79 48 11 39 93 40 46 52 76 76 64 46 81 92 25 21 31 85 68 42 33 24  8 45 72  3  7 60 21 90 24 42  8 34 65  0 18 16 28 60 33 24 23 43 30 88 71 26 60 26 29 23 85 19 98 36 55 43 80 88 
62 55 72 97 12 63 17 71 69 48 34 81 19 73 38 51 18 79 70 59 56 49 25 29 100 31 77 42 42 82 19 35 25 17 34 45 12 23 41 84 75 81 59 89 20 59 77 80 85 33 78  6  1 51 98 80 65  2  3 78 21 14 51 38 49 54 28 62 26 65 50 64 98 48 22 18  0 86 60 14 62 82 40 38 66 77 80 39  7  7 35 47 28  1 83 11 19 63 64 73 
45 82 15 43 49 75 61 40 51 40 100 77 64 28  7 50 21 83 100 43 84 45 83 54 47 29 63 54 70 38 70 28 18 52 41 92 13 78  9 36 67 42  3 39 17 27 19 30 33 21  5 84 82 58 40 18 58 58 47 36 17 19 28 96  3  4  8 20 73  3 10 66 16 10 68 16 86  0 37 66 84 16 43 51 10 29 64 75  4 56 50 34 95 20 78 36 82 50 15 91 
81 16 26 45  6 83 76 77 72 95 49 49  7 58 53 58 17 14 63 85 50 79 67 57 52  4 51 77 82 17 18 43 88 26 58 40 50 40 16 77 76 94 10 56 27 64 88 45  8 15 58  8 40 65 29 44  3 42 37 52 98 85 56 86 97 62 85 85 85 94 68 32 17 84 32 28 60 37  0 72 89 36 66 60 34 86 71 83 54 38 93 10 66 88 92 85 50 49 10 43 
33 42  7 61 26 49 78  6 92 91 62 93 95 16 17 65 99 41 58 41 62 97 42  7 52 53 45 87 29 36 50 76 42 24 86 29 70 83 26 46 51 80 74 20 68 11 39 31  2 12 26 25 35 75 22 66 61 20  8 43 72 73 28 15 53 83 60 66 74 99 61 36 86 54 30 60 14 66 72  0 46  6 51 78 85 46 42 82 62 95 67 22 97 12 12 92 61 68  2  7 
37 54  3  4 65 55 35 58 21 33 30 40 82 62 75 62 34 67 94 65 92 73 46 71 68 99 59 82 13 55 79 93 55 95 71 19 34 38 53  1 58 14 14 37 71 16 34 96 38 54 38 88 65 23  7 50 11 81 82 36 98  7 54 51 10  1 95 80 32 14 35 71  5 17 65 33 62 84 89 46  0 43 73 76 17 47 70 88 79 94 76 48  2  2 82 98 12 35  4 44 
61 69 28 22 18 68  9 86 13 68 97 100  2 100 82 34 95 84 43 28 33 60 81 45 32 45 75 33 39  9  9 55 52 40  2 68 95 82 80 83 37 99 62 83 61 38 86 27 35 89  2 13 25 52 79 85 66 90 30 72 50 70 87 32 44 10 78  3 100 100 18 36 83 58  9 24 82 16 36  6 43  0 33 74 89 19 44 81 25 57  5 18 62 56 16  5 22 35 65 31 
37 100 19 69 20 27 28 44 31 69 24 41 65 31 79 74 61 52 77 66 82 99 19  7 63 58 41 22 26  1 74 25 17 75 100 73 26 59 84 47 41 83 70 61 84 70 20 58 22 18 43 82 29 87 65 62 92  2 44 69 64 29 28 37 81 61 45 74 26 52 24  5 21 46 36 23 40 43 66 51 73 33  0 42 81 15 45 28 46 36 15 47 43 29 43 56 34 22 61 22 
35 61 41 83 13 53 74 30 18 61 41 42 66 88 52 37 68 93 39 95 35 25 70 30 85 48 75 37 60 37 77 51 59 33 87 83 68 94  1 49 91 57 41 48 79 93 28 50 40 70 45 23 91 51 94 88 30 83 48 22  4 75 46 63  4 20 37 84 12 54 44 16 69 24 17 43 38 51 60 78 76 74 42  0 88 66 42 32 47 77 12 44 57  9 76 96 48 47  2 92 
66 69 79  8 30 25 90 32 51 28 10 41 89 20 42 47 32 55 62 28 63  9 29 69 31 92 98 28 88 55 29 100 79 35  9 41  7  5 29 18 67 78 54 77 68 87 51  1 39 30 45 38 95 70 51 10 65 84 57 16 34 74 31 87 64 33 10 45 64 54 33 37 83 32 16 30 66 10 34 85 17 89 81 88  0 19 20 86 94 72  2 36 12 41  6 43 45 27 58 44 
42 13 21 100 34 89 11 35 64 81 54 41 80 89 82 80 37 49 20 58 75 65 69 88 66  1 56 89 48 19 58 33 89 57 66 44 16 14 59 63 66 79 51 14 12 86 43 62 64 35 44 54  7 46 70 98 61 77 92 20 69 80 41 19 40 25 40 22 26 36 86 48 59 90 63 88 77 29 86 46 47 19 15 66 19  0 96 79 75 43 27 97 38 74 56 64 71 86 79 74 
98 98 75 59 51 69 73 78  4 16 60 63 42  1 47 100 77 78 26 42 90 27 17 92 79 60 29 30 37 77 60 55 42 44 34 41 94 90 56 12 12 60 27 58 98 45 58 26 22 89 25 32 78 30 19 33 99 82 78 28 28 73 99 13 34 87 22 93 63 33 14 21 10 52  5 71 80 64 71 42 70 44 45 42 20 96  0 92 19 50 43 83 56 14 33 46 39 17 23 12 
 2 95 89 73 71 12 24 37 66 51 23 69 61 26 10 41 83 48 42 40 65 73 64 15 11 100 36 54 84 24 47 81 72 42 40 27 86 57 47 26 86 36 48 30 30 83 60 14 86 69 62 54 72 41 58 32 32 87 85 39 11 25 17 76 74 92 58 100 58 74 11 22 48 47 37 26 39 75 83 82 88 81 28 32 86 79 92  0 71 81 22 62 53 23 50 86 16 61 36 88 
55  4 41 36 10 85  3 89 53 28 31  3 46 58 52 24 30 75 26 28 32 67 64 75 100 85 25 52 75 94 23 40 61 68 48 27 56  5 72 91  3 64 73  1 15 43 29 36 82 24 73 95 16 92 84 45 61 79 32 15 42 53 45 74 42 45 91 26 69  2 51 13 69 70 88 60  7  4 54 62 79 25 46 47 94 75 19 71  0  7 36 20 41 24 25 43 71 27 64 45 
62 56 27 49 22 23 68 67  1  9 59 63 27 42 65 63 33 12 33 99 42 94 87 83 64 30 32 49 89 73 40 47 24 70 97 25 33 63 98  1 82 38 74  3 68 52 85 74 85 43 91 49 62 31 82 93 93 82 75 89 75 70 10 13 52 22 21 96 69 73 51 100 58 36 46 26  7 56 38 95 94 57 36 77 72 43 50 81  7  0 33 50 35 66 15 28 97 28 44 24 
85 71 64 23 81 91 48 21 21 93 84 45 56 78 50 67 19 81 63 13 59 55 86 12 61 22 88 79 27 14 77  8 77 100 33 14 20 65 45 74 75 39 10 76 27 66 12 66 11  2 39 79 23 65 88 62 44 65 96 53 47  1 29 16 64 59 67 95 22 85 91 94 89 33 13 29 35 50 93 67 76  5 15 12  2 27 43 22 36 33  0 29 94 19  6 76 82 38 10 80 
15 57 71 19  8 41 66 47 84 85 33  2 11 24 52 41  1 70 40 69 26 99 41 48 82 27 43 53 18 87 45 59 83 23 46  4 96 66 15 69 20 10  1 91 49 65 62 50 40 89 49 17 83 15 22 88 29 60 97 47 11 32 94 33 17 68 97  3 95 74 78 64 32 23 12 23 47 34 10 22 48 18 47 44 36 97 83 62 20 50 29  0 76 17 66 80 20 83 18 92 
10  4 46 62 79 60 23 39 69 35 21 38 40 43 61 48 70 26 94  4 88 53 85 50 90 24 30 74 22 76  7 61 19 95 91 22 90 19 46 52  2 43 46 45 44 68  8 56 33 74 39 55 52 89 71 40 13 100 25 84 33 54 65 90 55 20 68 13 40 42 78 62  4 94 40 85 28 95 66 97  2 62 43 57 12 38 56 53 41 35 94 76  0 85 92 59  6 79 95 74 
68 70 11 63 34 42 90 46 42 82  6 20 31 74 62  9 13 49 57  4  7 20  5 71 47 24 23 39 48 92 98 61 38 84 25 59 35 81 44 37 81 60 54 35 48 90 93 100 42 52 24 68 91 45 77 60 43 67 84 93  1 23 29 44 55 31 24 17 63 81 60 81 16 18 72 19  1 20 88 12  2 56 29  9 41 74 14 23 24 66 19 17 85  0 51 94 30 19 31 47 
71 39 44  4 67 74 37 28 64 35 38 98 27 75 47 47 57 28 15 17 79 14 93 81 27 45 74 100 13 80 11 80 70  9 85  8 54 77 44 88 33 76 94 23 16 41 66 28 86 13 66 73 62 33  2 87  3 98 51  4 52 60 56 64 64 25 42 82 58 55 71 51 96 47 80 98 83 78 92 12 82 16 43 76  6 56 33 50 25 15  6 66 92 51  0 71 20 44 15 12 
25 86 63 89 33 32 17 41 99 25 77 47 78 64 76 51 45 53 89 78 17 81 17 70 50 55 33 47 52 92 54 52 50 15 63 52 69 58 89 99 40 68 58 32 51 34 29 37 76 40 81 94 58  9 24 48 51 96 18 80 55 66 32 40 86 22 43 30 74 88 58 79 51 51 64 36 11 36 85 92 98  5 56 96 43 64 46 86 43 28 76 80 59 94 71  0 86 27 50 78 
 2 26 48 17 60 97 53 45 45 25 23 17 96 98 25 90 32 63 75 25  2 24 43 94 58 42  8 19 39 23 54 14 66 84 14 94 21 69 99 66 62 43 55 13 64 28 53 51 76 49 29 25 63 42 31 22 83  6 83 51 65 13 35 13 17 76 76 86 26 49 46 37 89 42 59 55 19 82 50 61 12 22 34 48 45 71 39 16 71 97 82 20  6 30 20 86  0  4 29 76 
70 25 80 52 88 10  4 92  3 99 40 56 78 22 60 93 60 96 11 33 37 26 71 45 61 34 20 43 45 29 50 58 60  4  6 16 76  7 64 24 75 61 16 89 32 83 33 80 13 85 65 30  7 83 28 33 11 59 38 78 81  6 20 80 67 41 52  6 60 47 79 24 51 57 79 43 63 50 49 68 35 35 22 47 27 86 17 61 27 28 38 83 79 19 44 27  4  0 60 56 
55 66 52 19 63 46 10 38 67 73 75 55 15 88 99 66 55 33 83 18 53 49  4 70 89 47 78 95 22 14 27 61 59 89 94 49 24 63  9 88 91 79 24 56 13  7  3 70 23 16 67 54 67 82 87  5 42 97 76 24 53 71 38 77 19 16 42 59 63 51 69 19 48 92 12 80 64 15 10  2  4 65 61  2 58 79 23 36 64 44 10 18 95 31 15 50 29 60  0 50 
60 36 39 41 79 46 14 65 89 70 28 18 64  6 70 70 29 64 25 16 86  7 37 33  7 30 76 72 38 84 32 53 99 77 21 90 23 56 26 98  1 19 57 16 37 52 45 40 74  8  4 86 41 98 57  8 42 58 34 88 18 98 84 73 29 23 33 96 54 69 80 86 99 19 40 88 73 91 43  7 44 31 22 92 44 74 12 88 45 24 80 92 74 47 12 78 76 56 50  0 
