facilities = 100 objectives = 2 max_distances = 100 max flows = 100 correlation = -0.500000 seed = 1137708853
 0 93 51 86 56  7 13 11 17 16 46 53  7 48 92 65 69 96 46 71  1 39 40 48 64 49 72 38 19 48 84  9 65 53 24 64 87 55  5 39 73 53 15 79 28 52 94 59 75 65 42 57 72 18  2 12 36 49 43 32 20 31 42 69 13 73 57 79  8  9 78 73 19 70 39 16 12 39 98 59 30 93 70 33 39 33 83  8 32 96 87 57 70 94 70 62 66 63 49 57 
93  0 58 63  8 45 54 83 77 60  4 22 69 74 33 27 86 40 66 41 41 27 17 86 87 49 42 13 83 37 47 81 46 27 47 59 62 29 84 14 55 21 37 64 62 71 11 16 59 20  8 41 21 95 49 19 76 63 77 89 70 57  3 60 44 26 35 45 19  7 15 11 67 31 12 69 84 56 19 33 95 19 69 83 28 68 46 15 97 23 13  9 100 66 78 31 41 54  5 93 
51 58  0 65 98 37 85 70 43  6 81  6 50 11 24 65 11  1 98 96 20 40 81 81 57 50 75 62 52 69 29 18 79 46 79 87 66 98 21 43  5 32 72 23 70  1  9 75 100 16 14 16 25 86 35 74 55 85 36 88 26 51 67 74 95 68 53 37 85 73  8 53 10 52 65 75 55 28 90 77 26 14 57 92 45 94 51 61 18 46 83 10 59 11 78 21 22 90 36 26 
86 63 65  0 86 38 82 19 78 71 27 47 30 98  3 100 38 97 65 74 40 18 79 51  7 32 23 43 94  4 39 73 37  4 50 21 54 26 14 71 22 72 29  9 17 16 98 55  1 25 56 74 83 32 21 54 66 92 14 69  7 38 10 32 23 65 78 84  9 90 57 87 32 21 99 56 48 65 83 55 43 64 65 42 75 37  7 55 82  3 62 97 11 95 83 85 35 10 12 84 
56  8 98 86  0 83 51 64 41 80 56 73 29 56 47 35 44 10 47 40 79 31 65 93 22 82 29  3 12 21 34 25 39 34 83 20 86 90 73 31 94 33 41 91 60 98  1 24  1 52 21 66 43 47 11 95  1 83 84  7 90 76 71 73 87 63 11 59 37 84 99 18  5 93 21 60 13 38 87 73 20 14 30 62 33 54 32 67 31 85 81 34 41 22 14 39 53 27 70 41 
 7 45 37 38 83  0 76 31 23 98 82 70 53 84 15 91 35 41 75 86 80 73  5 12 53 90 83 100 49 15 96 51 87 85 64 22 64 54 59 59  2 56 56 97 80 24 33 41 15 62 47 24 59 14 82 14 35 73 44 60 41 55 81  5 10  6 45 13 64 97 95  4 49 84 35  3  1 34 45  9 73 42 40 55 75 79 33 18 79 41 82 48 38 20 24 74 18 85 79 96 
13 54 85 82 51 76  0 66 34 38  3 78 59 76  7 27 17 79 45 77 60 86 28 18 52 81 41 53 90 25 56 23 14 86 62 30 62 88 15 31 96 12 71 46 96 51 17 98 82 37 70 20 15 83 99 80 82  9 10 93 50 42 96 44 72 33  4 80 72 62 87 68 92 58 78 24 24  4 49 47 17 73 65  5 93 99 26 56 33 18 99  1 63 23 28 18 14 47 25 84 
11 83 70 19 64 31 66  0 56  3 64 93 76 69 22  1 62 78 91 45 48 100 72  8 35 47 23 12 91 56 90 55 37 98 70 44 70 91 70 45 12 13  8 27 88  3 87 17 22 12 50 52  5 20 95 88 84  9 83 98 70 69  6 96 100  7 95 70 80 75 42 74 97 13 75 85 36  8 24 23 36 82 31 10 91 62 41 38 75 61 100 74 71 87 98 98 73 31  9 61 
17 77 43 78 41 23 34 56  0 33 28 94 45 30 81 100 76 88 92 47 89 97 28 11  7 61 91 62 59 43 55 18 49  7 54 88 96 75 37 25 24  8 13 54 59 60 44 85 62 36 55 56 16 58 68 55 100 43 96 24 32 43 100 37 20 52 82 77 71 30 54 41 15 19 87 85 15 32 89 55 92 86 41 57 25 93  9 76 77 54 62 80 14 58 23 77 88 72 68 17 
16 60  6 71 80 98 38  3 33  0 75 72 96 36 80 36 24 100 77 82 13 16 17 39 82 16 85 58 81  7 37 27 44  8 97 91 16  9 38 76 96 83 66 67 34 79 89 40 55 17 12 51 54 17 78 64 25 38 59 29 83 95 24  1 38 91 61 87 48 33 29 23 94 58 92 34 39 59 93 32 26 93 95 16 82 15 44 19 82 48 29 92 10 94 54 45 66 57 86 46 
46  4 81 27 56 82  3 64 28 75  0 85 20 26 83 14 65  6  9 98 40 13 41 38 88 18 93 75 92 54 37 65 97 17 76 92 26 11 48 68 77 90 51 97 51 94 24 76 71 40 56 17 31 44 76 68 27 43 60 25 19 37 90 75 39  6 13 32 19 23 93 70  1 57 20 14 67 62 48 72 48 30 49 57 24 33 93 61 43 88 49 42 65 68 79 93 31 55 83 78 
53 22  6 47 73 70 78 93 94 72 85  0 78 79 29 32 67 74 39 43 69 32 14 43 62 49 11 41 90  4  9 72 65 87 93  9 15 40 36 100 73 25 43 29 88 50 20 16 48 79 43 81 24 62 22 94 72  2  5 89 67  1  9 17  1 24 96 83 16 89 75 43 43 18 46 99 90 38 39 88 53 99 54 67  3 49 100 28 27 37 11 89 100 37 68 26  7 41 32 57 
 7 69 50 30 29 53 59 76 45 96 20 78  0  3 49 19 54 94 18 83 85 14 31  7 62 24 43 85 40  3 45 47 62 33  7 95 28 38 95  9 80 79  9 96 30 36 71 74 27 88 66 19 83 61 82 56 10 15  5 79 76 79 86 45 70 17 34 37 89 64 81 65 54 51 33 26 75 34 52 56 12 78 97 84 89 91 83 10 23 27 39 30 50 46 47 85 96 87 36 22 
48 74 11 98 56 84 76 69 30 36 26 79  3  0 36  5 26 16 22 89 50 63 87 76 89 83 72  2 80 43 53 99  8 86 51 70 80  3 61 19  3 75 80 53 97 24  9 38 65 52 95 48 65 50 29 65 93 56 95 40 38 33 74 20 84 21 92 67 13 45 46 15 30  1 86 39  8 92  7 83 91 27  4 15 47 73 48 84  4 55 74 60 35 94 24 73 83 14  5 30 
92 33 24  3 47 15  7 22 81 80 83 29 49 36  0 24 83 37 29  6 58 87 29 88 58 88 65 49 30 30 29 75 49 73 61 55 79 68  3 29 63 46 57 16 63 50 73 28 54 55 19 73 56 85 74 32 80 65 54  9 34 46 10 71 25  7 11 16 90 34 100 54 17 32 78 23 17 14 71 43 61 46 99 49 38 14 91 36 93  8 82 80 53 59 39 52 80 42 65 34 
65 27 65 100 35 91 27  1 100 36 14 32 19  5 24  0 24 31 45 18 36 59 23 49 30 43  6 33 45  4 79 90 27 67 11 39  5 15 16  7 70 93 28  6 73 85 48 62  7 51 23 72 98 15 14 77 40  8 65 24 36 31 33 34 28 41  3 19 98 98 34 81 90 61 45 36 47 30 27 18 14 80 15 84 37 84 56 43 77 30 55 33  3 29 98 29 52 57 93 65 
69 86 11 38 44 35 17 62 76 24 65 67 54 26 83 24  0 62 65 69 18 41 69 56 83 30  6 92 76 86 47 44 57 22 37 45 79 80 27 81 73 24 79 22 55 37 29 95 92 88 93 29 98  9  1 24  5 54 72 18 13 57 78 31 54 98 31 12 69 32 97 12 62 60 22 39 28 19 83 10 41 63 82 81 41 44 85 25 51 31 87 81 13 79 51 14 88 76 55 44 
96 40  1 97 10 41 79 78 88 100  6 74 94 16 37 31 62  0 27 92 75 59 62 94 89 18 46 12 68 55 35 78 69 50 47 77 76 43 24 88 92 19 96 90 77 45 26 65 21 53 47 29 38 41 71 10 40 71  7 52 34 94 60 68 48 64 29 85 91 36 25 36 31 46 17  8 80 50 48 99 76 58 13 100 22 22 12 63  6 61 72 56 87  4 64 83 28 82 12 80 
46 66 98 65 47 75 45 91 92 77  9 39 18 22 29 45 65 27  0 56 54 72 70 42 35 76  8 52 65 48 74 49 43 58 45 86 36 20  6 11  5 23 31 44 17 51 12 58 32  7 80 22 87 83 74 70 24 75 45 92 11 72 50 48 45 62 92 87 30 98  6 25 19 71  7  4  6 68 57 30 98 11 80 52 47  8 90 72 28 28 14 20 86 82 71 27 68 58 65 99 
71 41 96 74 40 86 77 45 47 82 98 43 83 89  6 18 69 92 56  0  8 72 97 19 44 40 35 29  5 83  6 39 87 96  7 15 13 71 18 61 97 33 11  7 71 78 42 70 76 58 69 21 79 32 16 85 57 44 19 44 51 70 51 33 17 93 24 99 94 87 67  7 25 11 12 44 90  2 42 59 50 46 58 88 91  3 58 40 18 70 45 94 77 61 40 16 51 59 38 96 
 1 41 20 40 79 80 60 48 89 13 40 69 85 50 58 36 18 75 54  8  0 66 15 67 54 96 31 65  8 63 53  2 99 95 51 13 21 61 90 69 82 99 79 67 35 62 12 80 47 76 16 16 81 71 11 87 78  4 73 91 73 44 41 48 72 27 32 25 53 81 55 61 35 52 75 51 55 24 67 31 22  4 59 97 30 36 75 77 70 60 11 93 50 36 94 64 18 88 72 99 
39 27 40 18 31 73 86 100 97 16 13 32 14 63 87 59 41 59 72 72 66  0 70 83 87 93 86 76 55 31 30 82  2 36 19 68 66 25 87 50 100 10 99 43 13 83  2 34 82 42 10 90 66 100 20 18 21 14 16 22 84 42 98 43 15 20 73 66  9 44 68 32 59 10 25 92 81 50 23 48 58 14 45 93 75 79 32 68 70 80  5 21 92 17 35 80 98 94 81 44 
40 17 81 79 65  5 28 72 28 17 41 14 31 87 29 23 69 62 70 97 15 70  0 53 77 69 99 51 49  2 38 40 41 49 44 50 75 80 84 48 16 45 45 10 67 12 72 11 72 18 23 68 41 15  6 61 12  9 11 87 88  7 31 87 62 42 44 58 35 58 96 20 48 61 23  9 98 51 45  3 64 69 36 93 65 88 54 93 61 46  1 76 15 85 46 35 88 76 46 95 
48 86 81 51 93 12 18  8 11 39 38 43  7 76 88 49 56 94 42 19 67 83 53  0 11 58 53 52 84 19 21 95 29 46 55 17  1 33 56 23 72 31 23 98  3 95 49 53 65  4 61 28 62 13 73 32 75 18 62 41 27 84 42 20 100 26 99 78 24 57 65 42 75  7 91 37 89  6 84 41 30 27 33  8 92 43 99 17 43 57 61 16 63 67  6 84 38 52 88 74 
64 87 57  7 22 53 52 35  7 82 88 62 62 89 58 30 83 89 35 44 54 87 77 11  0 91 37 17 76  6 100 11 66 18 45 73 47 74 90 18  8 87 42 79 98 43 20 93 92 21 71  4 77 82 92 11 67 17 80 60  1 80 39 40  4 18 49 77 36 64 90 36 30 13  2 34 38  3 69 56 41 47 65 40 59 37 35 22 88  4 88  6 51 90 44  8 67  6 46 32 
49 49 50 32 82 90 81 47 61 16 18 49 24 83 88 43 30 18 76 40 96 93 69 58 91  0  8 90 72 38 36 19 27 88 34 35 25 27 23 20 81 11 15 13 86 70 81 95  9 79 62 82 81 22 70 42 86 88 56  3 23  1 100 49 93 52 18 70 58 87 67 90 92 74 25 26 88 86 57 85 100 98 81 92 28 65 18 94 33 23 81 67 100 93 98 40 93 60 35 82 
72 42 75 23 29 83 41 23 91 85 93 11 43 72 65  6  6 46  8 35 31 86 99 53 37  8  0 18 32 77 42 63 55 35 85 22 41 49 65 63 99 81 31 28 23 19 67 73 44 75 21 74 43 25 97 27 47 62  9 100 16 21 65 65 60 94 33 41 24 70 41 41 67 83 95 56 44 22 55 26 15 96 91 74 46  6 89 96 94 46 51 24 39 54 58 30 84 89 23 37 
38 13 62 43  3 100 53 12 62 58 75 41 85  2 49 33 92 12 52 29 65 76 51 52 17 90 18  0 91 74 72 15 41  4 28 17 57 71  3 78 12 98 82  4 32 20 39 71 76 30 80 42 75 94 47 85 72  1 78 22 18 24 49  7 51 15  1 86 70 33 40  8 18 69 99 93 45 32 75 76 40 28 26  3 98 40 66 23  6 85 16 26 56 78 15 34  7 15 23 47 
19 83 52 94 12 49 90 91 59 81 92 90 40 80 30 45 76 68 65  5  8 55 49 84 76 72 32 91  0 83 77 61 64  3 88 61 28 38 67 56 98 32 70 64  7  1 71 61 25 69 22 43 64 58 21 69 83 55 36 45 94 56 52 34 46 45 69 42 42 71 91 53 90 93 82 18 35 53 89 30 14 16 29 73 79 42 61 78 43 100 44 48 12 24 92 75 16 78 79 91 
48 37 69  4 21 15 25 56 43  7 54  4  3 43 30  4 86 55 48 83 63 31  2 19  6 38 77 74 83  0 55 12 32 12 40 54 56 58 79 35 33 82 98 40 99 66 19 34 89 96 37 17 10 22 98 25 43 42 99 74 58 99 15 85 55 72 58 14 70 67 86 96 11 53 27 17 54 31  7 75 15 78 20 86 95 80 56 79 55 47 58 38 15 91 31 59 12 26 16 35 
84 47 29 39 34 96 56 90 55 37 37  9 45 53 29 79 47 35 74  6 53 30 38 21 100 36 42 72 77 55  0 95 80 47 76 32 36 66 37 70 87 19 44 81 91 54 36 69 20 30 93 26 10 68 41 86 93 93 53 76 39 86 41  8 25 83 73 99 58 13 56 50 72 49 29 13 19 44 56  4 36 49 24 24 17 30  4 88 29 88 38 64 84 29 47 25  2 15 81 72 
 9 81 18 73 25 51 23 55 18 27 65 72 47 99 75 90 44 78 49 39  2 82 40 95 11 19 63 15 61 12 95  0 11 84  1 95 11 18 39 40 24 26 18 67 11 72 48 50 94 72 83 72 54 61 95 56 83 84 84 11 31 28 10 16 75 76 66 69 86 81 66 57 35 71 29  8 33 37 13 49 82 38 52  7 75 51 74 42 94 40 33 37 37 97 39 32 32 18 16 15 
65 46 79 37 39 87 14 37 49 44 97 65 62  8 49 27 57 69 43 87 99  2 41 29 66 27 55 41 64 32 80 11  0  6 60 40 25  1 65 78 60 77 84 26 22 74 92 20 76 100 84 64 21 67 77 40 12 50 55  9 71 61 85 37 14 68 50 69 46 14 18 14 19 90  6  7 62 61 82 24 86 50 16  5 91  4 96 20 49 76  3 92 57  7 54 84 53  9 34 88 
53 27 46  4 34 85 86 98  7  8 17 87 33 86 73 67 22 50 58 96 95 36 49 46 18 88 35  4  3 12 47 84  6  0 94 60 71 93 79 97 87 87 95 68 99 35 80 60 48  2 88 84 13 71 74 71 92 38 66 83 45 23 96 72 61 26 54 58 72 60 71 17 47 27 12 25  5 84 52 34 66 48 37  4 95 100 84 99  5 58 82 89 72 34 40 59 70 83 26 99 
24 47 79 50 83 64 62 70 54 97 76 93  7 51 61 11 37 47 45  7 51 19 44 55 45 34 85 28 88 40 76  1 60 94  0 34  9 48 17 28 59 86 32 17 11 76 96 63 92 91 24 95 51 65 63  7 19 68 59 93 68 24 99 17 10  4 31 58 60 69 82 75 96  3 59 89 88 15 44 13 99 71 53 57 87 24 60  7 81 93 24 47 36  3  6 95 90 97 35 37 
64 59 87 21 20 22 30 44 88 91 92  9 95 70 55 39 45 77 86 15 13 68 50 17 73 35 22 17 61 54 32 95 40 60 34  0 13 21 24 43 18 77 97 70 85 95 66 51 42 74 12 75 100 100  2 89 99 68 79 76 66 39 51  5  9 36 47 19 93 20 15 37 72 97 12 45  8 72  9 78 45 36  9 75 82 60 70 16 23 63 63  4 31 18 14 98  7 84  7  6 
87 62 66 54 86 64 62 70 96 16 26 15 28 80 79  5 79 76 36 13 21 66 75  1 47 25 41 57 28 56 36 11 25 71  9 13  0 59 73 38 52  1 12 82 69 24 27 47  1  5 38 82 76  3 37 65 38 78 35 49 67 74 34 22 14 71 37 41  8 81 81 97 37 10 56 13 83 61 86 98 85 84 38 10 87 21 55 27 48  9 75 49 21 24 32 59 18 83 40 21 
55 29 98 26 90 54 88 91 75  9 11 40 38  3 68 15 80 43 20 71 61 25 80 33 74 27 49 71 38 58 66 18  1 93 48 21 59  0 99 72 35 61 19 89 28 82 83  9 25 81  7 89 11 67 99  1 91 35 54 32 41 67 97 30 59 69 11 62  4  1 10 52 86  7 95  6 81  7 77 33 45 40 70 74 58 79 56 31 80 18 44 97 29 10 36 57 64  2 13 38 
 5 84 21 14 73 59 15 70 37 38 48 36 95 61  3 16 27 24  6 18 90 87 84 56 90 23 65  3 67 79 37 39 65 79 17 24 73 99  0 72 71 56 32 83  8 79 56 69 71 34 27 64 55 11 37 99 74 98  8 28 14 92 60 98 43 36 67 21 23 29 13 94 60 20 16 70 80  7 66 39 86 86 60 60 25 33 46 64 67 27 64 67 18 43 42 80 74 99 89 51 
39 14 43 71 31 59 31 45 25 76 68 100  9 19 29  7 81 88 11 61 69 50 48 23 18 20 63 78 56 35 70 40 78 97 28 43 38 72 72  0 76 28  5 16  3 90 78  6  8 25 80 27 38 88 60 33 47 23 90 36 81  4  9  4 26 38 21 88 70 64 17 63  2 75 43 43 48 61 80 50 73 55 29 18  4 52 68 18  3 64 83 67 30 49 69 93 37 94 93 98 
73 55  5 22 94  2 96 12 24 96 77 73 80  3 63 70 73 92  5 97 82 100 16 72  8 81 99 12 98 33 87 24 60 87 59 18 52 35 71 76  0 97 44  1 49 34  4 73 36 37 45 32 100 47 18 45 58 79 22 96 57 29 32  6 51 96 62 10 74 48 82 53 98 75 29 57 78 52  9 17 95 10 39 57 89 23 38 45 13 62 49 48 76 74 72 54 25 35 39 35 
53 21 32 72 33 56 12 13  8 83 90 25 79 75 46 93 24 19 23 33 99 10 45 31 87 11 81 98 32 82 19 26 77 87 86 77  1 61 56 28 97  0 27 56 84  8 36 37 71 49 97 100 28 95 52 75  3  3 95 93 95 46 36 25  7 30 40 90 52 62 25 29 50 33  3 74 24 23 88 43 57  5 75 85 30 79 53 50 87 44 16 36 44 15 76 37 82 18 39 33 
15 37 72 29 41 56 71  8 13 66 51 43  9 80 57 28 79 96 31 11 79 99 45 23 42 15 31 82 70 98 44 18 84 95 32 97 12 19 32  5 44 27  0 26 57 48 18 25 40 36 43 12 98 29 39 60 50 76 55 88 17 21 82 46 14 84 52 44 15 99 65 95 37 39 10 30 31 15 95 13 78 26 72 35 13 41 44 77 10 61  1 74 68  1 43  4  8 55 54 25 
79 64 23  9 91 97 46 27 54 67 97 29 96 53 16  6 22 90 44  7 67 43 10 98 79 13 28  4 64 40 81 67 26 68 17 70 82 89 83 16  1 56 26  0  7 22 59 46 18  2 66 85 66 14 49 89 19 33  1 95 10 19 15  7 94 44 78 22 92 92 21 91 21 40 91 70 83 41 75 96 91 29  9 40 80 72 20  2 97 66 59 10 78 70 50 54 28 96 59 69 
28 62 70 17 60 80 96 88 59 34 51 88 30 97 63 73 55 77 17 71 35 13 67  3 98 86 23 32  7 99 91 11 22 99 11 85 69 28  8  3 49 84 57  7  0 76 25 60 83 63 90 90 34 74 78 98  2 10 16 76 12 63 91 51 57 80 89 62 36 98 46  6 49 73 99 43 21 76 83  3 15 33 73 79 13 75 85 18 19 47 16 70 11 17 93 56 22  7 40 11 
52 71  1 16 98 24 51  3 60 79 94 50 36 24 50 85 37 45 51 78 62 83 12 95 43 70 19 20  1 66 54 72 74 35 76 95 24 82 79 90 34  8 48 22 76  0 38 44 18 49 24 11  8 56 12 100 71 34 52 40 65 42 44 27 70 84 55 23 59 54 84 53 51 85 42 87 26 70 83 43  7 59 25 41 99 29 85 72  3 77 63 87 36 28 78 53 11 53 84 15 
94 11  9 98  1 33 17 87 44 89 24 20 71  9 73 48 29 26 12 42 12  2 72 49 20 81 67 39 71 19 36 48 92 80 96 66 27 83 56 78  4 36 18 59 25 38  0 66 55 26 36 22  8 42 89 78 35 68 86  3 57 78 44 81 57 65 26 38 66 58 82 34 15 99  6 38 100 68 17 75 24 95 29 56 50 32 86 83 97 57 93 91 20 91 66 61 13 47 84 32 
59 16 75 55 24 41 98 17 85 40 76 16 74 38 28 62 95 65 58 70 80 34 11 53 93 95 73 71 61 34 69 50 20 60 63 51 47  9 69  6 73 37 25 46 60 44 66  0 63 99  5 58 33 44 28 27 17 62 64  8 49 33 94  4 64  7 34 39 90 62  9 41 60 13 74 89  1  7 60 21  3 96 76  2 73 12 11 85 98 93 48 10 33 38 62 18 37 90 62 88 
75 59 100  1  1 15 82 22 62 55 71 48 27 65 54  7 92 21 32 76 47 82 72 65 92  9 44 76 25 89 20 94 76 48 92 42  1 25 71  8 36 71 40 18 83 18 55 63  0 58 47 63 76 24 16 39  9 15  5 87 40 43 73 71 32 37 59 64 41 10 95 47 61  2 40 85  2 84 59 20 70 98 92 73 67 60  1 80 19 42 80 57 75 38 52 69 76 46 68 48 
65 20 16 25 52 62 37 12 36 17 40 79 88 52 55 51 88 53  7 58 76 42 18  4 21 79 75 30 69 96 30 72 100  2 91 74  5 81 34 25 37 49 36  2 63 49 26 99 58  0 49 49 89 57 21 71 86 29 72 36 28 99 52 58 69 51 56 95 39 34 94 11 15 19 70 59 27 35 90 13 73 72 54 16 28 86 60 90 39 79 26 38 62 96 37 83 59 96 42 63 
42  8 14 56 21 47 70 50 55 12 56 43 66 95 19 23 93 47 80 69 16 10 23 61 71 62 21 80 22 37 93 83 84 88 24 12 38  7 27 80 45 97 43 66 90 24 36  5 47 49  0 40 93 91  6 78  5 55  4 32 78 98 67 92  9 61 80 89 25 56 94 81 88 54 79  5  3 96 18 91 32 92 100 49 44 24 27 31 82 53 82 35 87 82 66 46 80 92  4 56 
57 41 16 74 66 24 20 52 56 51 17 81 19 48 73 72 29 29 22 21 16 90 68 28  4 82 74 42 43 17 26 72 64 84 95 75 82 89 64 27 32 100 12 85 90 11 22 58 63 49 40  0 59 81 67 34 30 71 75 100 60 65 22 14 39 93 100  7 70 85 99 42 92 22 88 77 39 79 34 90 66 15 99 23 70  1 58  6 76 87 80 56 18 73 57 97 11 71 53 44 
72 21 25 83 43 59 15  5 16 54 31 24 83 65 56 98 98 38 87 79 81 66 41 62 77 81 43 75 64 10 10 54 21 13 51 100 76 11 55 38 100 28 98 66 34  8  8 33 76 89 93 59  0 67 22  1 81 61 93 60 87 82 62 34 26  4 74 83 69 80 27 18 31 55 16 23 90 97 92 98 39 54 91 80 60 32 86 86 99 63 49 72 50 59 86  5 81  5  9 30 
18 95 86 32 47 14 83 20 58 17 44 62 61 50 85 15  9 41 83 32 71 100 15 13 82 22 25 94 58 22 68 61 67 71 65 100  3 67 11 88 47 95 29 14 74 56 42 44 24 57 91 81 67  0 96 53 36 28 31  6 50 89 54 52 60 74 53 44 18 37 47  3 68 94 18 45 22 22 65 25 50 81 68 21 36 72 97 25 18 45 73 89 43 78 35 72 98 51 37 51 
 2 49 35 21 11 82 99 95 68 78 76 22 82 29 74 14  1 71 74 16 11 20  6 73 92 70 97 47 21 98 41 95 77 74 63  2 37 99 37 60 18 52 39 49 78 12 89 28 16 21  6 67 22 96  0 41 48 78 48 23 55 98 39 28 86 18 28 32  3 98  6 87 82 83 62 51 86  5 78 99 18 79 18 32 40 61 12 43 19 12 100 42 32 27 13 64 57 26 45 71 
12 19 74 54 95 14 80 88 55 64 68 94 56 65 32 77 24 10 70 85 87 18 61 32 11 42 27 85 69 25 86 56 40 71  7 89 65  1 99 33 45 75 60 89 98 100 78 27 39 71 78 34  1 53 41  0 60 38 98 63  5 59 57 43 10 62 39 92 26  3 14 17 71 76 31 65 43 76 60  7 75 71 32 47 93 98 86 49 73 22 73 12  8 50 87 79 73 57 32 23 
36 76 55 66  1 35 82 84 100 25 27 72 10 93 80 40  5 40 24 57 78 21 12 75 67 86 47 72 83 43 93 83 12 92 19 99 38 91 74 47 58  3 50 19  2 71 35 17  9 86  5 30 81 36 48 60  0 79 20 50 51 100 48 100 50 79 22 100 64 89 32 26  7 73 25 43 80 82 27 90 45  1 19 88  1 63 99 15 90 61 51 23 18 69  9 50 59 81 88 75 
49 63 85 92 83 73  9  9 43 38 43  2 15 56 65  8 54 71 75 44  4 14  9 18 17 88 62  1 55 42 93 84 50 38 68 68 78 35 98 23 79  3 76 33 10 34 68 62 15 29 55 71 61 28 78 38 79  0 72 27 60 51 82 59 65 22 50 87 65 29 67 14 55 89 49 23 84 37 58 10 52 72 56 83 96 32 54 15  1  8 58 82 55 65 13 96 70 10 18 19 
43 77 36 14 84 44 10 83 96 59 60  5  5 95 54 65 72  7 45 19 73 16 11 62 80 56  9 78 36 99 53 84 55 66 59 79 35 54  8 90 22 95 55  1 16 52 86 64  5 72  4 75 93 31 48 98 20 72  0 60 78 38 82 58 83 44 31 16 83 26 93 52 19 56 32 56 56 75 13  4 81 98  9 23 45 82 91 81 41 26 23 58 30 49  4  9  3 62 21 81 
32 89 88 69  7 60 93 98 24 29 25 89 79 40  9 24 18 52 92 44 91 22 87 41 60  3 100 22 45 74 76 11  9 83 93 76 49 32 28 36 96 93 88 95 76 40  3  8 87 36 32 100 60  6 23 63 50 27 60  0 89  2 48 82 26 79 17 43 27 13 33 42 16 84 60 91 52 18 34 10 88 54 91 69 34 100 32 12 94 85 58 55 16 86 10 54 18 73 46 83 
20 70 26  7 90 41 50 70 32 83 19 67 76 38 34 36 13 34 11 51 73 84 88 27  1 23 16 18 94 58 39 31 71 45 68 66 67 41 14 81 57 95 17 10 12 65 57 49 40 28 78 60 87 50 55  5 51 60 78 89  0 22 71 94 48 27  7 52 48 74 24 93 18 16 23 73 56 75 87 85 52 14 55 79 41  5 98 67 46 95 48 28 64 92 95 56 69 65 18 45 
31 57 51 38 76 55 42 69 43 95 37  1 79 33 46 31 57 94 72 70 44 42  7 84 80  1 21 24 56 99 86 28 61 23 24 39 74 67 92  4 29 46 21 19 63 42 78 33 43 99 98 65 82 89 98 59 100 51 38  2 22  0 50  1 51 71 12 68 90 21 11  7  5 93 30 22 99 96 80 47 18 78  3 54 85  1 92 18 10 55  9 94 45 88  3 28  9 10 81 50 
42  3 67 10 71 81 96  6 100 24 90  9 86 74 10 33 78 60 50 51 41 98 31 42 39 100 65 49 52 15 41 10 85 96 99 51 34 97 60  9 32 36 82 15 91 44 44 94 73 52 67 22 62 54 39 57 48 82 82 48 71 50  0 78 74 66 89 46 25 49  4 47 89 15 62 90 96 56 58 34 51 32 94 18 68 43 37 59 68 55 42 19 46 98 52 72 62 78 48 77 
69 60 74 32 73  5 44 96 37  1 75 17 45 20 71 34 31 68 48 33 48 43 87 20 40 49 65  7 34 85  8 16 37 72 17  5 22 30 98  4  6 25 46  7 51 27 81  4 71 58 92 14 34 52 28 43 100 59 58 82 94  1 78  0 81 53 17 62 87 57 55 29 73 34 77 99 87  5 57 78 17 40 51 43  5 76 40 85 39 30 64 42 88 60 12 16 25 63 17 18 
13 44 95 23 87 10 72 100 20 38 39  1 70 84 25 28 54 48 45 17 72 15 62 100  4 93 60 51 46 55 25 75 14 61 10  9 14 59 43 26 51  7 14 94 57 70 57 64 32 69  9 39 26 60 86 10 50 65 83 26 48 51 74 81  0  5 92 36  8 40 49 50 57 33 53 94 96 55 64 17 45 32 81 34 74  1 55 44 10 11 30 84  5 85 40 57 99 47 79 92 
73 26 68 65 63  6 33  7 52 91  6 24 17 21  7 41 98 64 62 93 27 20 42 26 18 52 94 15 45 72 83 76 68 26  4 36 71 69 36 38 96 30 84 44 80 84 65  7 37 51 61 93  4 74 18 62 79 22 44 79 27 71 66 53  5  0 35 71 13 88 91 59 30 40 17 29 86 93 41 44 96 70  6 93 66  7 76 66 61  4  7 34 95 32 45  9 77 54 91 67 
57 35 53 78 11 45  4 95 82 61 13 96 34 92 11  3 31 29 92 24 32 73 44 99 49 18 33  1 69 58 73 66 50 54 31 47 37 11 67 21 62 40 52 78 89 55 26 34 59 56 80 100 74 53 28 39 22 50 31 17  7 12 89 17 92 35  0 36 46 19 69 27 31 96 91 91 25 80 22  2 40 13 28 70 42 12 14 79 58 17 18 32 68 58 98 26 33 75 54 100 
79 45 37 84 59 13 80 70 77 87 32 83 37 67 16 19 12 85 87 99 25 66 58 78 77 70 41 86 42 14 99 69 69 58 58 19 41 62 21 88 10 90 44 22 62 23 38 39 64 95 89  7 83 44 32 92 100 87 16 43 52 68 46 62 36 71 36  0 92  4 100 77 81 49 65 40 80  8 66 22 29 49 66 58 28 68 84 73 15 81 45 84  8 23 97 50 71 33 22 48 
 8 19 85  9 37 64 72 80 71 48 19 16 89 13 90 98 69 91 30 94 53  9 35 24 36 58 24 70 42 70 58 86 46 72 60 93  8  4 23 70 74 52 15 92 36 59 66 90 41 39 25 70 69 18  3 26 64 65 83 27 48 90 25 87  8 13 46 92  0 45 48 50 40 91 13 35 85 28  9 96 47 77 44 83 26 94 23 62 56 65 39 75 70  3 32 92 41 72 68 47 
 9  7 73 90 84 97 62 75 30 33 23 89 64 45 34 98 32 36 98 87 81 44 58 57 64 87 70 33 71 67 13 81 14 60 69 20 81  1 29 64 48 62 99 92 98 54 58 62 10 34 56 85 80 37 98  3 89 29 26 13 74 21 49 57 40 88 19  4 45  0  5 66 32 22 46 30 15 41 16 87  9 72 20 12 55 29 21 53 99 67 65 92 33  7 42 42 41 79 45 49 
78 15  8 57 99 95 87 42 54 29 93 75 81 46 100 34 97 25  6 67 55 68 96 65 90 67 41 40 91 86 56 66 18 71 82 15 81 10 13 17 82 25 65 21 46 84 82  9 95 94 94 99 27 47  6 14 32 67 93 33 24 11  4 55 49 91 69 100 48  5  0 34 63 34 58  8 84 45 74 41 38 17 80  6 83 68 27 19 33 33 60 30 10  1 18 44 22 16 10 75 
73 11 53 87 18  4 68 74 41 23 70 43 65 15 54 81 12 36 25  7 61 32 20 42 36 90 41  8 53 96 50 57 14 17 75 37 97 52 94 63 53 29 95 91  6 53 34 41 47 11 81 42 18  3 87 17 26 14 52 42 93  7 47 29 50 59 27 77 50 66 34  0 58 77 83 73 44  4 58 17 44 22 28 92 46 13 18 96 43 98  3 78 28 68 11 77 64 82 14  2 
19 67 10 32  5 49 92 97 15 94  1 43 54 30 17 90 62 31 19 25 35 59 48 75 30 92 67 18 90 11 72 35 19 47 96 72 37 86 60  2 98 50 37 21 49 51 15 60 61 15 88 92 31 68 82 71  7 55 19 16 18  5 89 73 57 30 31 81 40 32 63 58  0 61 23 52 19 39 20 85  9 66 19 41 54 25 87 91 65 12 72 85 15 88 34 74 39 83  2 54 
70 31 52 21 93 84 58 13 19 58 57 18 51  1 32 61 60 46 71 11 52 10 61  7 13 74 83 69 93 53 49 71 90 27  3 97 10  7 20 75 75 33 39 40 73 85 99 13  2 19 54 22 55 94 83 76 73 89 56 84 16 93 15 34 33 40 96 49 91 22 34 77 61  0  5 80 78  5 53  8 36 89 32 96 40 46 44 39 67 81 53 74 25 32 33 57 62  3 25 72 
39 12 65 99 21 35 78 75 87 92 20 46 33 86 78 45 22 17  7 12 75 25 23 91  2 25 95 99 82 27 29 29  6 12 59 12 56 95 16 43 29  3 10 91 99 42  6 74 40 70 79 88 16 18 62 31 25 49 32 60 23 30 62 77 53 17 91 65 13 46 58 83 23  5  0 18 100 35 83 29 83 44  6 18 34 50 51 67 11 18 80 48 43 28 39 33 69  4 63 14 
16 69 75 56 60  3 24 85 85 34 14 99 26 39 23 36 39  8  4 44 51 92  9 37 34 26 56 93 18 17 13  8  7 25 89 45 13  6 70 43 57 74 30 70 43 87 38 89 85 59  5 77 23 45 51 65 43 23 56 91 73 22 90 99 94 29 91 40 35 30  8 73 52 80 18  0 41 81 23 63  1 97 72 13 52 81 53 88  6 36 79  5 65 45 59 58 43 57 31 46 
12 84 55 48 13  1 24 36 15 39 67 90 75  8 17 47 28 80  6 90 55 81 98 89 38 88 44 45 35 54 19 33 62  5 88  8 83 81 80 48 78 24 31 83 21 26 100  1  2 27  3 39 90 22 86 43 80 84 56 52 56 99 96 87 96 86 25 80 85 15 84 44 19 78 100 41  0 91 51 92 75 11 37 16 65 43 59 71 28 19 40 96 75 67 51 10 72  7 79 23 
39 56 28 65 38 34  4  8 32 59 62 38 34 92 14 30 19 50 68  2 24 50 51  6  3 86 22 32 53 31 44 37 61 84 15 72 61  7  7 61 52 23 15 41 76 70 68  7 84 35 96 79 97 22  5 76 82 37 75 18 75 96 56  5 55 93 80  8 28 41 45  4 39  5 35 81 91  0 69 83 62  7 19 89  5 86 12 70 21 24 72 74 37 98 14 24 71 32 87 26 
98 19 90 83 87 45 49 24 89 93 48 39 52  7 71 27 83 48 57 42 67 23 45 84 69 57 55 75 89  7 56 13 82 52 44  9 86 77 66 80  9 88 95 75 83 83 17 60 59 90 18 34 92 65 78 60 27 58 13 34 87 80 58 57 64 41 22 66  9 16 74 58 20 53 83 23 51 69  0 35 34 33  6 46 75 51 21 13  5 95 31 95 66 56  3 58 13 62  7 18 
59 33 77 55 73  9 47 23 55 32 72 88 56 83 43 18 10 99 30 59 31 48  3 41 56 85 26 76 30 75  4 49 24 34 13 78 98 33 39 50 17 43 13 96  3 43 75 21 20 13 91 90 98 25 99  7 90 10  4 10 85 47 34 78 17 44  2 22 96 87 41 17 85  8 29 63 92 83 35  0 60 12 50 29 12 98 53 13 70 67 85 78 81  6  7 71 12 15 94 89 
30 95 26 43 20 73 17 36 92 26 48 53 12 91 61 14 41 76 98 50 22 58 64 30 41 100 15 40 14 15 36 82 86 66 99 45 85 45 86 73 95 57 78 91 15  7 24  3 70 73 32 66 39 50 18 75 45 52 81 88 52 18 51 17 45 96 40 29 47  9 38 44  9 36 83  1 75 62 34 60  0 24 92  8 15 95 65 13 21 56 14 87 95 40 73 70 38 17  9 54 
93 19 14 64 14 42 73 82 86 93 30 99 78 27 46 80 63 58 11 46  4 14 69 27 47 98 96 28 16 78 49 38 50 48 71 36 84 40 86 55 10  5 26 29 33 59 95 96 98 72 92 15 54 81 79 71  1 72 98 54 14 78 32 40 32 70 13 49 77 72 17 22 66 89 44 97 11  7 33 12 24  0 32 83  7 51 22 17 93 80 62  7 100 83 55 49 83 71 99 96 
70 69 57 65 30 40 65 31 41 95 49 54 97  4 99 15 82 13 80 58 59 45 36 33 65 81 91 26 29 20 24 52 16 37 53  9 38 70 60 29 39 75 72  9 73 25 29 76 92 54 100 99 91 68 18 32 19 56  9 91 55  3 94 51 81  6 28 66 44 20 80 28 19 32  6 72 37 19  6 50 92 32  0 35 28  8 56 50 47 19 88 44 51 17 93 72 22  6 95 45 
33 83 92 42 62 55  5 10 57 16 57 67 84 15 49 84 81 100 52 88 97 93 93  8 40 92 74  3 73 86 24  7  5  4 57 75 10 74 60 18 57 85 35 40 79 41 56  2 73 16 49 23 80 21 32 47 88 83 23 69 79 54 18 43 34 93 70 58 83 12  6 92 41 96 18 13 16 89 46 29  8 83 35  0 60 87 36 97 17 67 19 11 13 22 70 43 60 60 54 69 
39 28 45 75 33 75 93 91 25 82 24  3 89 47 38 37 41 22 47 91 30 75 65 92 59 28 46 98 79 95 17 75 91 95 87 82 87 58 25  4 89 30 13 80 13 99 50 73 67 28 44 70 60 36 40 93  1 96 45 34 41 85 68  5 74 66 42 28 26 55 83 46 54 40 34 52 65  5 75 12 15  7 28 60  0 66 42 74 50  3 84 92 27 66  3 19 43 82 85 64 
33 68 94 37 54 79 99 62 93 15 33 49 91 73 14 84 44 22  8  3 36 79 88 43 37 65  6 40 42 80 30 51  4 100 24 60 21 79 33 52 23 79 41 72 75 29 32 12 60 86 24  1 32 72 61 98 63 32 82 100  5  1 43 76  1  7 12 68 94 29 68 13 25 46 50 81 43 86 51 98 95 51  8 87 66  0 33 11 50 43 65 39 66 32 16 12 85 15 75 60 
83 46 51  7 32 33 26 41  9 44 93 100 83 48 91 56 85 12 90 58 75 32 54 99 35 18 89 66 61 56  4 74 96 84 60 70 55 56 46 68 38 53 44 20 85 85 86 11  1 60 27 58 86 97 12 86 99 54 91 32 98 92 37 40 55 76 14 84 23 21 27 18 87 44 51 53 59 12 21 53 65 22 56 36 42 33  0 77 67 37 84 82 44 21 66 48 87 41 17 83 
 8 15 61 55 67 18 56 38 76 19 61 28 10 84 36 43 25 63 72 40 77 68 93 17 22 94 96 23 78 79 88 42 20 99  7 16 27 31 64 18 45 50 77  2 18 72 83 85 80 90 31  6 86 25 43 49 15 15 81 12 67 18 59 85 44 66 79 73 62 53 19 96 91 39 67 88 71 70 13 13 13 17 50 97 74 11 77  0 95 62  9 26 58 21 22 37 21 88 19 97 
32 97 18 82 31 79 33 75 77 82 43 27 23  4 93 77 51  6 28 18 70 70 61 43 88 33 94  6 43 55 29 94 49  5 81 23 48 80 67  3 13 87 10 97 19  3 97 98 19 39 82 76 99 18 19 73 90  1 41 94 46 10 68 39 10 61 58 15 56 99 33 43 65 67 11  6 28 21  5 70 21 93 47 17 50 50 67 95  0 74 30 14  7  7 21 24 69 53 34 81 
96 23 46  3 85 41 18 61 54 48 88 37 27 55  8 30 31 61 28 70 60 80 46 57  4 23 46 85 100 47 88 40 76 58 93 63  9 18 27 64 62 44 61 66 47 77 57 93 42 79 53 87 63 45 12 22 61  8 26 85 95 55 55 30 11  4 17 81 65 67 33 98 12 81 18 36 19 24 95 67 56 80 19 67  3 43 37 62 74  0 83 57 30 68  4 56 63 55 89 45 
87 13 83 62 81 82 99 100 62 29 49 11 39 74 82 55 87 72 14 45 11  5  1 61 88 81 51 16 44 58 38 33  3 82 24 63 75 44 64 83 49 16  1 59 16 63 93 48 80 26 82 80 49 73 100 73 51 58 23 58 48  9 42 64 30  7 18 45 39 65 60  3 72 53 80 79 40 72 31 85 14 62 88 19 84 65 84  9 30 83  0 43 80 31 45 62 63 15 22 35 
57  9 10 97 34 48  1 74 80 92 42 89 30 60 80 33 81 56 20 94 93 21 76 16  6 67 24 26 48 38 64 37 92 89 47  4 49 97 67 67 48 36 74 10 70 87 91 10 57 38 35 56 72 89 42 12 23 82 58 55 28 94 19 42 84 34 32 84 75 92 30 78 85 74 48  5 96 74 95 78 87  7 44 11 92 39 82 26 14 57 43  0 17 51 44 92 87 64 77 12 
70 100 59 11 41 38 63 71 14 10 65 100 50 35 53  3 13 87 86 77 50 92 15 63 51 100 39 56 12 15 84 37 57 72 36 31 21 29 18 30 76 44 68 78 11 36 20 33 75 62 87 18 50 43 32  8 18 55 30 16 64 45 46 88  5 95 68  8 70 33 10 28 15 25 43 65 75 37 66 81 95 100 51 13 27 66 44 58  7 30 80 17  0 80 37 72 84 63  4 79 
94 66 11 95 22 20 23 87 58 94 68 37 46 94 59 29 79  4 82 61 36 17 85 67 90 93 54 78 24 91 29 97  7 34  3 18 24 10 43 49 74 15  1 70 17 28 91 38 38 96 82 73 59 78 27 50 69 65 49 86 92 88 98 60 85 32 58 23  3  7  1 68 88 32 28 45 67 98 56  6 40 83 17 22 66 32 21 21  7 68 31 51 80  0 96 20 15 99 98 96 
70 78 78 83 14 24 28 98 23 54 79 68 47 24 39 98 51 64 71 40 94 35 46  6 44 98 58 15 92 31 47 39 54 40  6 14 32 36 42 69 72 76 43 50 93 78 66 62 52 37 66 57 86 35 13 87  9 13  4 10 95  3 52 12 40 45 98 97 32 42 18 11 34 33 39 59 51 14  3  7 73 55 93 70  3 16 66 22 21  4 45 44 37 96  0 23 19 84 14 79 
62 31 21 85 39 74 18 98 77 45 93 26 85 73 52 29 14 83 27 16 64 80 35 84  8 40 30 34 75 59 25 32 84 59 95 98 59 57 80 93 54 37  4 54 56 53 61 18 69 83 46 97  5 72 64 79 50 96  9 54 56 28 72 16 57  9 26 50 92 42 44 77 74 57 33 58 10 24 58 71 70 49 72 43 19 12 48 37 24 56 62 92 72 20 23  0 66 95  6 75 
66 41 22 35 53 18 14 73 88 66 31  7 96 83 80 52 88 28 68 51 18 98 88 38 67 93 84  7 16 12  2 32 53 70 90  7 18 64 74 37 25 82  8 28 22 11 13 37 76 59 80 11 81 98 57 73 59 70  3 18 69  9 62 25 99 77 33 71 41 41 22 64 39 62 69 43 72 71 13 12 38 83 22 60 43 85 87 21 69 63 63 87 84 15 19 66  0 77 97 55 
63 54 90 10 27 85 47 31 72 57 55 41 87 14 42 57 76 82 58 59 88 94 76 52  6 60 89 15 78 26 15 18  9 83 97 84 83  2 99 94 35 18 55 96  7 53 47 90 46 96 92 71  5 51 26 57 81 10 62 73 65 10 78 63 47 54 75 33 72 79 16 82 83  3  4 57  7 32 62 15 17 71  6 60 82 15 41 88 53 55 15 64 63 99 84 95 77  0 79 56 
49  5 36 12 70 79 25  9 68 86 83 32 36  5 65 93 55 12 65 38 72 81 46 88 46 35 23 23 79 16 81 16 34 26 35  7 40 13 89 93 39 39 54 59 40 84 84 62 68 42  4 53  9 37 45 32 88 18 21 46 18 81 48 17 79 91 54 22 68 45 10 14  2 25 63 31 79 87  7 94  9 99 95 54 85 75 17 19 34 89 22 77  4 98 14  6 97 79  0 69 
57 93 26 84 41 96 84 61 17 46 78 57 22 30 34 65 44 80 99 96 99 44 95 74 32 82 37 47 91 35 72 15 88 99 37  6 21 38 51 98 35 33 25 69 11 15 32 88 48 63 56 44 30 51 71 23 75 19 81 83 45 50 77 18 92 67 100 48 47 49 75  2 54 72 14 46 23 26 18 89 54 96 45 69 64 60 83 97 81 45 35 12 79 96 79 75 55 56 69  0 

 0 34 90 21  1 84 79 21 77 39 12 28  3 30 46 46 38 37 82 31 77 16 80  4 14 28  4 42 31  5 91 41 100 74 52 18 70 84 67 83 39 21  6 42 75 78 74 70 92 66 31 78  4 85 43 96 81 73 12  2  1 27 25 91 99 94 34 41 37  4 26 52 86 28 99 58 63  5 85 24 87  7 70 98 22 52 94 54 72 30  8 44 94 46 98 57 52 52 43  1 
34  0 73 25 22 23 35 39 90  3 39 37 99 74 72 47 94 25  5 37 45 97 69 70 11 62 76 91  1 71 17 23 62 24  9 90 13 19 31 53 23 76 99 29 93 77 87 40 68 70  8 97 62 89 20 65 68 77 45 73  1  2 97 78 77 64 61 91 98 87 18 86 44 20 73 59  1 26 46 47 33 83 10  2  6 51 58 95 98 23 10 12  6 76 79 70 10 93 16 27 
90 73  0 21 15  4  9 28  7 32  1 87  1  6 56  2 27  6 72 35 15 27 47 17 49 68 60 39 21 34 86 48 42 56 79 26 36 79 42 50 45 12 99 23 21 18  6 88 66 46 23 39 59 57 92 28 63 81 43 62 82 86 38 67 44 83 13 17 43 56 44 22 50 26 18 90 92  7 63 93 57  1 47 47 88 81  4 95 72 99  9 16 78 49  9  8 83 34 20 95 
21 25 21  0 13 45 83 12 31 34 91 70 58 63 83 83 95 51 66 42 71 83 26  7 83 85  4 80 16 89 95 63 28 56 70 57 40 62 72 42 94 29 48 95 34 92 27 55 35 82 25 93 32 63 68 96 30 48 98 54 29 74 83 49 48 35 79 25  6 91 55 43 95 95 16 99 75 96 67 44 75 92 12 45 81 96 46 99 40 59  7 60 32 68 50 26 59 34 21 10 
 1 22 15 13  0 64  4 25 39 27 94 37  4 99 83 91 29 42 38 57 67 25 32 34 75 14 17 84 31 24 36 89 21 20 76 37  1 31 71 89 40 33 97 58 13 74 13 62 82 68 89 55 36 59 30 77  3 68 20 70 67 99 24 36 60 64  6 15 24 18 47 43 30 49 39 59 96 37 24 60  7 65 82 60 56 18 48 44 51  5 64 64 40 33 35 87 44 64 52 17 
84 23  4 45 64  0 79 96 60 99 37 26 17 52 84 54 51 49 87 82 56 59 42 61 48 36 20  3 18 20 47 66 57 61 26 98 10 76 19  2 34 14 76 82 42 99 50 93 43  4 73 57 56 96 15 37 18 68 92 20 38 42 17  7 67 31 66 21 30 54 72 75 54 62 71 11  2 81 75 78 82 61 54 53 57 53 10 64 49 55 73 75 78 24 14 99 100 63 59 50 
79 35  9 83  4 79  0 49 63 64 18 93 66 69  9 67 51 84 61 73 46 57 97  5 49 65  3 92 87 50 32 100 55 57 49  9 67 41 68 59 80 32 96  3 29 61  4 70 75 22 44 22 43 24 97 21 23 34 22 50 56 78 85 61 27 80 83 57 24 93 17 39  5 75 26 92 54 93  1 44 40 86 24 51 10 27 40 47 11 32 73 97 52 78 39  8 54 41 50  2 
21 39 28 12 25 96 49  0 74 74 60 94 92 59 77 97 66 98 59 47 67 66 68  1 59 85  9 39 21 83 26 31 45 25 22 42 26 78 38 66 19 44 21 44 13 32 53 81 95 99 19 35 39 92 91 93 29  7 54 12 96 13 85 45 39 12 65 74  3 19 78 39 79 64 95  3 82 72 97 33 100 34  5 48 85 42 48 71 92 22 90 20 49 10 79 36 73 29 58 53 
77 90  7 31 39 60 63 74  0 71 69 100 54 99 10 98 10 75  2 45 64 28 70 52 60 70 21 89 73 18 72 53 32  5 26 64 78 82 13 46 34 38 76 51 13 47 68  6 54 27 38 91 35 24 60 52 36 99 65 15 52 40 30 93 85 22 60 43  3 65 22 54 77 53 12 68 21 47 59 16 68 23 87 18 38 69 61 37 78 39 33  2  3 92 35 24  9 51 55 14 
39  3 32 34 27 99 64 74 71  0  5 18 16  7 94 25 87 75 89 96 98 56 62  7 18 72 92  7 40 65 94 28 40 70 87  8 79 65 22 35 60 97 66 30 17 98 52 36 42 90 73  9 29 87 83 94 88 13 24 55 21 59 78  9 90  6 57 53 79 16 67  6 98 41 48 49  4 30 32 49 81 100 72 96 50 34 37 16 38 15 38 95 42 75 23 39 87 81 71 27 
12 39  1 91 94 37 18 60 69  5  0 64 86 97 99 76 83 22 41 74 80 38 98 83 85  2 46 17 79 90 33 59 52 56 49  4 65  6 45  2 74 79 89 39 80  1 42 12 98 93 72 84 37 30 88 48 71 38 100 59 36 35 100 58 25 29 96 73 54 66 89 43 97 80 44  8 65 67  1 92 99 61  9 71  8 60 95 76 88 54 48 13 35 95 63 48 40  5 67 16 
28 37 87 70 37 26 93 94 100 18 64  0 91 98 68 30 40 16 58 42 26  6 78 72 52 36 15 30 78 33 22 37 14 53 32 37 19 94 64 64 71 100 72 67 97 49 34 68 16  9 18 45 62 20 23 81 80 39 23 32 22 77 61 47 86 66 53  9 46 56 33 70 83 32 59 91 60 71 19 41 96 41 10 73 49 26 67 68  4 48 59 37 89 58 27 85 100 39 56 97 
 3 99  1 58  4 17 66 92 54 16 86 91  0 18 12 20 62 42 84 60 31 19 52 89 81 11 47 63 41 11 49 47 79 23 76  6 81 98 98 99 100 90 30  4 24 33 12 35 80 79 50 90 58  3 99  6 31 22 91 88 48 89 89 45 10 15 65 32 56 50 32 57 28 96 13 27 32 96 94 10 56 51 72 17  2 31 66 38 14 87 74 65 29 77 72 66 63 56 90 40 
30 74  6 63 99 52 69 59 99  7 97 98 18  0 46 10 73  9 65 96 24 14 35 27 38 96 18  9 87 41 68 75 33 49 34 85  1 71 22 47 28 55 43 22 56 81 91  2 59 40 55 72 19 57 31 76  4 14 93 39 89 30 74 51  3 14 53 45 36 25 47 92 37 18 52 95 48 31 93 95 46 92 15 81 99 10 95 37 58 26 93 69 13  4 94 49 50  6 23 34 
46 72 56 83 83 84  9 77 10 94 99 68 12 46  0 48 11 36 70 50 13 29 50 24 70 69 32 73 90 58 17  5 42 22 22 15 65 85 83  2 48  9 50 15 40 77 35 54  1 62 40 83 51 52  4 38 32 17 64 87 69 31 27 56 43  5 92 75 13 45 36 25 71 12 32 90 59 15 11 73  1 74 54 15  1 23 97 70 39 49 97 57 87 46  8 39 47 34 94  8 
46 47  2 83 91 54 67 97 98 25 76 30 20 10 48  0  9 29 14 75 77 51 52 25 84 53 41 47 61 40 98 83 82 91 68 58 74 56 52 78 13 12 13 73 98 68 26 68 91 76 59 69  3 49 55 11 91 10 49 71 52 57 55 55 29 80 73 78 47 21 69 11 25 87 46 96 13 22 26 59  3 93 84 76 67 78 35 89 33 17 11 35 39 28 18 62 42 17 41  2 
38 94 27 95 29 51 51 66 10 87 83 40 62 73 11  9  0 73 24 96 17  9 96 42 65 85 41 60 88 70 13 34 88 33 22 60 85 27 57 20  2 99 35 36 56 92 32 66 35 29 63 34 64 48 95 59 83 78 54 45 19 45  3 29 67 97 94 49 67 26 53 28 22 59 73 13 77 23 29 49 76  1 54 46 50 58  5 92 86 44 30 39 25 14 16 31 44 44  1 76 
37 25  6 51 42 49 84 98 75 75 22 16 42  9 36 29 73  0 68 25 94 74 63 78 57 81 83 76 56 18 61 89 55 96 66 73 64 11  5 84  3 38 27 60 25 33 84 95 57 40 89 17 48 81 89 29 30 97 66 28 21 21 95 73 44 46 14 19 72 54 44  9 71 13  4 53 52 13 14 12 48 69 27 43 95 32 36 33 85 12 37 59 49 95 20 96 79 57 46 54 
82  5 72 66 38 87 61 59  2 89 41 58 84 65 70 14 24 68  0 11 97  3 98 69 74 98 43 84 26 85 25  8 32 94 72  8 53 85 54  3 28 46 28 15 54 83 51  8  4 78  7 47 54 97 32 45 97 32 92  3 10 51 62  5 68 47  7 14 75 15 99 77 30 60 64 40 87 25 13 22 23 95 37 10 63 65 43  8 17 65 34 12 71 62 27 85 85 21  9 89 
31 37 35 42 57 82 73 47 45 96 74 42 60 96 50 75 96 25 11  0 88 10  9 54 12 31 74 13 92 24 22 87 100 85  1 59 39 89 74 28 45 20 55 78 81 28 42 18 66  9 68 51 45 58 46 60 10 59 69 86 37 25 53 97 58 57 79 45 79 23 41 16 71 60 90 29 65  1 13 31 67 60 22  1 60 84 82 97 59 14 43 62 43 23  1 71 40 27  5 96 
77 45 15 71 67 56 46 67 64 98 80 26 31 24 13 77 17 94 97 88  0 29 22 24 25 81 83 97 87 32 18 30 85 79 41 78 75 24 12 93 86  1 59 73 98 95 25 76 50 37 50 27 52 11  2  3 87 68 76 12 13 90 78 13 96 18 27  7 98 37 45 100 86 33 94 22 94 40 63 42 51 59  3 65 26 29 34 58 18 14 76 83 56 26 37 59 77 91 39 10 
16 97 27 83 25 59 57 66 28 56 38  6 19 14 29 51  9 74  3 10 29  0 90  6 49 16 25 73 70 90 52 65 22 85 100 39 91 100 53  1 45 61 82 24 12 44 82 41 66 35  4 86 13 31  6 77 69 56 84 75  1 36 13 41 59 66 45 21 61 84 82 32 85 51 57 81 42 62 20  5 46 80 56 55 59 35 25 47 22 37 53 41  4 89 53 20 26 12 68 78 
80 69 47 26 32 42 97 68 70 62 98 78 52 35 50 52 96 63 98  9 22 90  0 78 65 87 57 37 58 28 32 21 63 82 89 75  9 17 65 18 15 49 59 78 14 44 87 11  6 85 17 79 33 87 33  7 28  9 85 86 39 65 95 77 47 14 87 25 74 58  1 41 78 52 24 82  5 45 30 21 47 71 39 67 30 28 92 22 44 67 31 21 64 87 33  3 80 96 77  6 
 4 70 17  7 34 61  5  1 52  7 83 72 89 27 24 25 42 78 69 54 24  6 78  0 67 64 25 80 46 19 78 48 93 39 14 14 59 54 93 83 85 99 56 52 17 93 23  6 22  7 87 75 72 32 19 11 38 12 60  9 92 90 91  6 26 47 59 68 52 62 40 64 56 63 58 94 92 16 13 63 48 25 91 76 88  3 78 28  7  2 34 100 61 38 24 97 32 82 98 27 
14 11 49 83 75 48 49 59 60 18 85 52 81 38 70 84 65 57 74 12 25 49 65 67  0 45 87 97 100 76 41 42 18 39 22  2 24 24 92 44  7 31 26  9 28 27 46 31 22 83 41 88 25 93 92 70 35 22 81 80 81 36 40 20 48 42 40  4 45  1 67  5 64 46 98  3 93 54 18 75 80 57 88 32 90 47 91 84 55 41 41 75 83 35 52 83 37 37 97 59 
28 62 68 85 14 36 65 85 70 72  2 36 11 96 69 53 85 81 98 31 81 16 87 64 45  0 13 81 12 18 75 76 22  6 86 25 83 93 23 79 10 57 64 68 58 40 37 47 55 14 70 16 98 73 43 61 41 67 18 43 50 37 24 96 13 63 91 86 20 74 40 24 82 31 59 62 74 65 39 73 19  4 76 56 19 65 20 79 21 50 40 28 100 14 16 93 39 22 48 44 
 4 76 60  4 17 20  3  9 21 92 46 15 47 18 32 41 41 83 43 74 83 25 57 25 87 13  0 100 26 26 54 20 39 34 52 21 59 84 88 35 13 85 78 42 25 89  1 99 93 45 55 78  8 21 40 100 98 53 75 77 25 73 29 91 93 79 53 89 61  8  1 96 97 12 51 67 31 74  4 94 46 86 28 19 43 59 57 86 87 22 10  3 51 96 88 36 40  5  1 38 
42 91 39 80 84  3 92 39 89  7 17 30 63  9 73 47 60 76 84 13 97 73 37 80 97 81 100  0 99 67  8 14  9 71 89 93 14 55 78 10 85 98 73 24 31 52  1 41 25  8 26 42 38 27  7 76 83 55 11 68 24 53 19 82  6 27 36 76 85 11 23 25 62 30 89 70 76 37 62 21 33 46  2  6 15 35 65 39  3  5 70 46 18 77 22 79 95 71 99 66 
31  1 21 16 31 18 87 21 73 40 79 78 41 87 90 61 88 56 26 92 87 70 58 46 100 12 26 99  0 12 30 11 31 68 12 22 38 65 58 93 10 27 93 91 56 39 100 100 29 77 83 78 14 68 100 17 66 23 82 81 26 58 58 38 44 85 14 50 100 20 12 23 69 90 93 83 97  9 94 13 69 85 48 97 18 24 29 67 68  8 43  7 61 35 75 23 45 82 73 98 
 5 71 34 89 24 20 50 83 18 65 90 33 11 41 58 40 70 18 85 24 32 90 28 19 76 18 26 67 12  0 87 58 42 92 64  3 36  6 58 74 21 43 75 11 97 46 40 62 93 43 71 46 48 61 53 69 53 72 51 87 16 32 98 93 55 52 80 91 11 68 82 78 86 24 80 14 52 68  6 49 35 31 65 90 89 37 30 27 25 65  9 56  4 41 13 48 15 13 81 95 
91 17 86 95 36 47 32 26 72 94 33 22 49 68 17 98 13 61 25 22 18 52 32 78 41 75 54  8 30 87  0 17 71 23 68 51  1 61 38 48 17 89 61 87 78 18 63 94 50 80 64 88 58 80 84 10 80  1 17 11 35 73 88  9 48 58 82 87 18 51 34 76 86 76 42 12  9 19 89 99 95 60 40 29 15 75 12 70 77 34 71 41  5 69 79 92 83 32 21 64 
41 23 48 63 89 66 100 31 53 28 59 37 47 75  5 83 34 89  8 87 30 65 21 48 42 76 20 14 11 58 17  0 45 77 23 56 57 94 80 94 24 32 53 18 55 72 61 87 85 33 22 51 11 45 92 78 89 53 76 89 52 68 80  1 34 59 78 86 10 89 39 85 26 57  9 75 81 78 34 80 100 71 18 83 30 100 55 78 95 74 50 57 23 44 17  8 70 22 38  5 
100 62 42 28 21 57 55 45 32 40 52 14 79 33 42 82 88 55 32 100 85 22 63 93 18 22 39  9 31 42 71 45  0 69 92  1 16 16 72 69 76 88 36 37 39  3 91 15 49 46 81 73 12 36 99 18 42 70 57 24 84 41 88 16 81 65 16 91  1 56 94 89 27 20 31 100 19 76 87 11 46 29  6 54  1 55 35 43 58 65 43 45 62  3 59 81 46 37 98 97 
74 24 56 56 20 61 57 25  5 70 56 53 23 49 22 91 33 96 94 85 79 85 82 39 39  6 34 71 68 92 23 77 69  0 83 44 99 14 86 99 58 90  9 71 42 36 52 57 94 30 82 81 85 49  8 30 16 95 67 57 77 54 44 74 21 99 45 44 48 78 50 32 12 22 65 39 86 78 34 22 92 62 18 93  6 81 72 54 23 58 58  8 48 91 36 49  6 72  5 84 
52  9 79 70 76 26 49 22 26 87 49 32 76 34 22 68 22 66 72  1 41 100 89 14 22 86 52 89 12 64 68 23 92 83  0  4 97 83 58 10 12 72 79 13 71 49 98 23 59 12 19  4 96 38 17 64 18 54 60 83 17 27 74  2 47 55  7 15  5 42 15 69 52 46 50 17 40 72 23 43 66 89 75 55 87 86 12 43 92 100 63 56 35  1  9 55  1 93 31 72 
18 90 26 57 37 98  9 42 64  8  4 37  6 85 15 58 60 73  8 59 78 39 75 14  2 25 21 93 22  3 51 56  1 44  4  0 36 47  6 32 15 23 14 30 90 48  4 70 75 58 26 81 78 22 60  9 34 46 42 84 50 98 43 73 24 24 99 87 80 46 28 61 68 100 86 66 67 98 81 95 17  2 72 76 89 51 53 91 97 74 97 35 44 28 86 23 82 18 31 77 
70 13 36 40  1 10 67 26 78 79 65 19 81  1 65 74 85 64 53 39 75 91  9 59 24 83 59 14 38 36  1 57 16 99 97 36  0 52 66 62  3 60 54 90 52 78 60 41  3 14 31 84 81 51 98 90 56 64 94 75 97  6 81 66 67 18 33 64 65 56  3 63 29 67 61 64 37 49  1 97 54 41 29 26 39 20 65 45 94 43 71 35 79 41 56 26 66 28 27 13 
84 19 79 62 31 76 41 78 82 65  6 94 98 71 85 56 27 11 85 89 24 100 17 54 24 93 84 55 65  6 61 94 16 14 83 47 52  0 33 13 40 10 16 43 32 92 70 100 77 54 22 32  4 42 99  4 10 82 40  2 37 13 30 96 86 15 55  2 92  8 94 64 84 80 62 69 83 36  5 88 88 34 27 25 54 18 26 94 18 93 88 71 46 89 74 38 59 93 93 48 
67 31 42 72 71 19 68 38 13 22 45 64 98 22 83 52 57  5 54 74 12 53 65 93 92 23 88 78 58 58 38 80 72 86 58  6 66 33  0 49 18 22 80 63 30 53 90 33  4 70 94 84 80  9 24 94 26 45  4  3 32 44 93 100 25 12 24 88 55 23  4  8 21 53 44 66 94 22 69 96 93 21 88 34 14 57  7 96 93 76 57 82 79 25 23 66  7 53 30 33 
83 53 50 42 89  2 59 66 46 35  2 64 99 47  2 78 20 84  3 28 93  1 18 83 44 79 35 10 93 74 48 94 69 99 10 32 62 13 49  0 92  9 53  7 70 98 83 35 47 28 37 69 47 58 56 34 35 56 100 52 52 25 77 68 63 40 54 80 28 88 28 31  4  2 11 68 11 41 57 85 64 95 83 20 60 68  5 98 65 34 93  7 94 93 29 32 27 13 74 20 
39 23 45 94 40 34 80 19 34 60 74 71 100 28 48 13  2  3 28 45 86 45 15 85  7 10 13 85 10 21 17 24 76 58 12 15  3 40 18 92  0 77 75  9 28 52 10 83 97 57 17 34 98  2 81 36  9 29 70 82 96 11 52 50 65 87 83 18 44 29 48 27 20 98 97 14 79 64  5 78 20 84 22 18 86 31 42 94 22 31 66 40 34 74 31 33 38 33 24 94 
21 76 12 29 33 14 32 44 38 97 79 100 90 55  9 12 99 38 46 20  1 61 49 99 31 57 85 98 27 43 89 32 88 90 72 23 60 10 22  9 77  0 31 60 72 14 26 88 65 30 99 79 39 12 37 97 43 53 71 97 10 14 19 91 11 64 83 84 89 18 67 36 96  4 48 55 50 51 48 54 66 58 87 54  7 82 70 80 20 28 11 61 33 65 92 44 15 97 25 62 
 6 99 99 48 97 76 96 21 76 66 89 72 30 43 50 13 35 27 28 55 59 82 59 56 26 64 78 73 93 75 61 53 36  9 79 14 54 16 80 53 75 31  0 85 52 14 27 39 100 50  3 72 61 71 19  8 97 13 28 100 41  9  1 80 79 92 94 90 39 88 74 62 73 42 23  4 11 39 25 68 59 22 29 79 84 35 69 92 66 84 90 15 62  4 14 98 67  1 70 100 
42 29 23 95 58 82  3 44 51 30 39 67  4 22 15 73 36 60 15 78 73 24 78 52  9 68 42 24 91 11 87 18 37 71 13 30 90 43 63  7  9 60 85  0 35 85 11 39 10 54 66 53 58 37  5 74 69 19 44 90 95  7 83 19 34 29  1 33 89 52 95 95 28 10 48  4 75 84 34 31 96 65 66 92 11 87 38 81 35 31  2 93 49 83  7 88  9  9 97 49 
75 93 21 34 13 42 29 13 13 17 80 97 24 56 40 98 56 25 54 81 98 12 14 17 28 58 25 31 56 97 78 55 39 42 71 90 52 32 30 70 28 72 52 35  0 24 98  5 26 95 87 57  1 66 11 83 66  2 93 86 29 47 34 37 78 44  4 33 21 94 62 97 56 45 69 59 53 50  7 15 74 25  9 36 90 63  1 56 74  3 53 11 19 30 36 86 97 46 49 91 
78 77 18 92 74 99 61 32 47 98  1 49 33 81 77 68 92 33 83 28 95 44 44 93 27 40 89 52 39 46 18 72  3 36 49 48 78 92 53 98 52 14 14 85 24  0 18 17 25 14 24 93 10 95 40 22 10 60 90  7  5  8 70  7 48 15 45  9 32 13 24 88 56 79 21 94 29 91  6 61 97 28 12 50 46 49 92 63  2 53 44  6 51 35 87 40 77  4 48 65 
74 87  6 27 13 50  4 53 68 52 42 34 12 91 35 26 32 84 51 42 25 82 87 23 46 37  1  1 100 40 63 61 91 52 98  4 60 70 90 83 10 26 27 11 98 18  0  3 34 36 43 49 30 61 53 33 25 15 83 64 85 73 54 73 92 25 59 40 81 92 56 97 28 94 68 30 96 90 92 30 46 92 78 40  4 83 65 78 48 18 35 65 58  4 29 68 82 27  2  5 
70 40 88 55 62 93 70 81  6 36 12 68 35  2 54 68 66 95  8 18 76 41 11  6 31 47 99 41 100 62 94 87 15 57 23 70 41 100 33 35 83 88 39 39  5 17  3  0  2 65 64 46 51  3 88 46 49 60 55 51 74 52 62 35 76 66  2 42 16 73 80 51  8 78 21 70 77 90 91 62 69 71 27 90 10 25 11 47 72 45 68 92 22 98  1 75 96  2 81 98 
92 68 66 35 82 43 75 95 54 42 98 16 80 59  1 91 35 57  4 66 50 66  6 22 22 55 93 25 29 93 50 85 49 94 59 75  3 77  4 47 97 65 100 10 26 25 34  2  0 37 77 75  3 67 13 79  5 36 51 74 51 44 56 64 94 41 33 59 26 43 40 86 83  3 82 33 32 36 91 63 87 74 14 96 31 31  5 76 96 52 29  8 71 51 50 65 88 36  8  5 
66 70 46 82 68  4 22 99 27 90 93  9 79 40 62 76 29 40 78  9 37 35 85  7 83 14 45  8 77 43 80 33 46 30 12 58 14 54 70 28 57 30 50 54 95 14 36 65 37  0 66 77 67 97 11 94 17 36 44 89 48 16 63 45 88 93 20 71 94 41 37 99 58 33 65 45 87 11 17 70 14 54 90 86 68 61 82 95 49 13 21 85 25 79 85 69  2 88 63 80 
31  8 23 25 89 73 44 19 38 73 72 18 50 55 40 59 63 89  7 68 50  4 17 87 41 70 55 26 83 71 64 22 81 82 19 26 31 22 94 37 17 99  3 66 87 24 43 64 77 66  0 17 13 79 64 44 68 37 47 83 83 91 99 31  2  2 75 88 23 96 16 39 31 98 42 41 87 36 44 30 44 55 94 56 17 78 56 55 54 37 16 75 39 29 43 33 40 19 38 98 
78 97 39 93 55 57 22 35 91  9 84 45 90 72 83 69 34 17 47 51 27 86 79 75 88 16 78 42 78 46 88 51 73 81  4 81 84 32 84 69 34 79 72 53 57 93 49 46 75 77 17  0 68 97 56 53 45  2 96 28 38  5 86 96 21 22 63 56 87 49 78 53 44 23 36 47 33 39 70 11 78 37 13 65 58 71 81  4 87 74 64 90 29 72 74 15 84 42 50 36 
 4 62 59 32 36 56 43 39 35 29 37 62 58 19 51  3 64 48 54 45 52 13 33 72 25 98  8 38 14 48 58 11 12 85 96 78 81  4 80 47 98 39 61 58  1 10 30 51  3 67 13 68  0 51 91 60  7 70 77 89 34 86 62 55 47 74  3 58 67 81 89 65 93 34  2 44 100 73 55 30 59 97 85 78 81 24 37 92  4 43 90 13 20 50 22 27 18 32 71 81 
85 89 57 63 59 96 24 92 24 87 30 20  3 57 52 49 48 81 97 58 11 31 87 32 93 73 21 27 68 61 80 45 36 49 38 22 51 42  9 58  2 12 71 37 66 95 61  3 67 97 79 97 51  0 83 12 79 14 89 13 17 68 82  1 47 86 78 57 99 50 89 39 43  6 74 38 57 34 29 84 99  4 39 97 60 28 59  1 23  2 90 79 56  6 89 94 100 93 70 92 
43 20 92 68 30 15 97 91 60 83 88 23 99 31  4 55 95 89 32 46  2  6 33 19 92 43 40  7 100 53 84 92 99  8 17 60 98 99 24 56 81 37 19  5 11 40 53 88 13 11 64 56 91 83  0 63 57 21 40 62 43 31 26 14 86  4 37 16 70 60 42 63 84 57 61 60 60 11  7 34 90 51 16 100 29 10 26 47 60 71 77 40 31 80 39 50 34 68 27 91 
96 65 28 96 77 37 21 93 52 94 48 81  6 76 38 11 59 29 45 60  3 77  7 11 70 61 100 76 17 69 10 78 18 30 64  9 90  4 94 34 36 97  8 74 83 22 33 46 79 94 44 53 60 12 63  0 81 72  2 67 40 70 72 47  4 35  9 37 94 96 66 97 34 66 30 86 48 85  7 26 77 77 96 56 61 64 99 38 24 52  3 63 28 96 81 38 57 59  6 89 
81 68 63 30  3 18 23 29 36 88 71 80 31  4 32 91 83 30 97 10 87 69 28 38 35 41 98 83 66 53 80 89 42 16 18 34 56 10 26 35  9 43 97 69 66 10 25 49  5 17 68 45  7 79 57 81  0 63 27 100 39 67 15 27 60 73 85  8 50 92 13 39 36 26 98 26 25 50 21 30 78 48 26  5 44 40  4 24 97 44 84 22  7 96 54 59 47  8 70 40 
73 77 81 48 68 68 34  7 99 13 38 39 22 14 17 10 78 97 32 59 68 56  9 12 22 67 53 55 23 72  1 53 70 95 54 46 64 82 45 56 29 53 13 19  2 60 15 60 36 36 37  2 70 14 21 72 63  0 41  3 61 29 85 24 79 93 32 89 95 45 33 72 81 78 58 95 64 25 44 39 67 78 88 47 78 70 14 78 59 10 82 31 17 31  7 59 54 42 81 36 
12 45 43 98 20 92 22 54 65 24 100 23 91 93 64 49 54 66 92 69 76 84 85 60 81 18 75 11 82 51 17 76 57 67 60 42 94 40  4 100 70 71 28 44 93 90 83 55 51 44 47 96 77 89 40  2 27 41  0 22 78 27 33 89 35 30 81 54 87 100 72 42 60 54 97 86  4  2 23 88 85 78 65 96 99 49 13 67  5 94 60 19 37 30 28 92 92 69 76 45 
 2 73 62 54 70 20 50 12 15 55 59 32 88 39 87 71 45 28  3 86 12 75 86  9 80 43 77 68 81 87 11 89 24 57 83 84 75  2  3 52 82 97 100 90 86  7 64 51 74 89 83 28 89 13 62 67 100  3 22  0 85 66 33 71 97 27 49 23 83 27 75 29 83 47 21 51  1 40 32 67 18 91 63 34 45 44 90 55 29 61 12 29 35 22 31 89 90 40 45 60 
 1  1 82 29 67 38 56 96 52 21 36 22 48 89 69 52 19 21 10 37 13  1 39 92 81 50 25 24 26 16 35 52 84 77 17 50 97 37 32 52 96 10 41 95 29  5 85 74 51 48 83 38 34 17 43 40 39 61 78 85  0 43 78 59  1 25 21 96 39 80 71 27 43 22 26 12 43 34  3 31 91 14 47 49 27 34 13 91 45 73 65 48 48 67 57 68  4 66 23 89 
27  2 86 74 99 42 78 13 40 59 35 77 89 30 31 57 45 21 51 25 90 36 65 90 36 37 73 53 58 32 73 68 41 54 27 98  6 13 44 25 11 14  9  7 47  8 73 52 44 16 91  5 86 68 31 70 67 29 27 66 43  0 62 24 63 95 92 20  9 61 62  8 34 69 80 21 34 47 51 47 94 11 30 40  6 63 20 11 86 27 99 25 36 46 42  1 31 23 15 17 
25 97 38 83 24 17 85 85 30 78 100 61 89 74 27 55  3 95 62 53 78 13 95 91 40 24 29 19 58 98 88 80 88 44 74 43 81 30 93 77 52 19  1 83 34 70 54 62 56 63 99 86 62 82 26 72 15 85 33 33 78 62  0 76 78 40 26 74 69 18 74 29 13  1 98  4  4 20 30 30 87 26  2 36 57 37 71 47 68 84 91 14 48 28 17 62 20 35 18 70 
91 78 67 49 36  7 61 45 93  9 58 47 45 51 56 55 29 73  5 97 13 41 77  6 20 96 91 82 38 93  9  1 16 74  2 73 66 96 100 68 50 91 80 19 37  7 73 35 64 45 31 96 55  1 14 47 27 24 89 71 59 24 76  0 13 92  6 24 73 90  6  6 19 40 28 21 38 12 28 92 53 79 49 72 53 96 34 69 34 75 42 66 81 61 84 90 13 11 88 45 
99 77 44 48 60 67 27 39 85 90 25 86 10  3 43 29 67 44 68 58 96 59 47 26 48 13 93  6 44 55 48 34 81 21 47 24 67 86 25 63 65 11 79 34 78 48 92 76 94 88  2 21 47 47 86  4 60 79 35 97  1 63 78 13  0 27 33  5 96  7 66  6 61 65  5 67 66 41 44 17  9 95 36 32 13  2 11 36 99 11 68 34 25 55 82 66 86 12 28 64 
94 64 83 35 64 31 80 12 22  6 29 66 15 14  5 80 97 46 47 57 18 66 14 47 42 63 79 27 85 52 58 59 65 99 55 24 18 15 12 40 87 64 92 29 44 15 25 66 41 93  2 22 74 86  4 35 73 93 30 27 25 95 40 92 27  0 89 24 45 51 92 58 98 61 76 31 29 55 35 43 49 45 13 60 100 51 88 61 54 89 12 74 13 41  6 96 27  5 59  4 
34 61 13 79  6 66 83 65 60 57 96 53 65 53 92 73 94 14  7 79 27 45 87 59 40 91 53 36 14 80 82 78 16 45  7 99 33 55 24 54 83 83 94  1  4 45 59  2 33 20 75 63  3 78 37  9 85 32 81 49 21 92 26  6 33 89  0 22 100 45 25 39 62 42 43 48 38 14 75 31 47 27 56 72 38 76 35 23 65  6 53 72 40 27 15 69 63 42 94 48 
41 91 17 25 15 21 57 74 43 53 73  9 32 45 75 78 49 19 14 45  7 21 25 68  4 86 89 76 50 91 87 86 91 44 15 87 64  2 88 80 18 84 90 33 33  9 40 42 59 71 88 56 58 57 16 37  8 89 54 23 96 20 74 24  5 24 22  0 31  3 95 70 41 18 70  3 54 58 23 26  9 45 33 33 93 13 62 29 98 35 14  9 19 64 27  1 51  9 24 36 
37 98 43  6 24 30 24  3  3 79 54 46 56 36 13 47 67 72 75 79 98 61 74 52 45 20 61 85 100 11 18 10  1 48  5 80 65 92 55 28 44 89 39 89 21 32 81 16 26 94 23 87 67 99 70 94 50 95 87 83 39  9 69 73 96 45 100 31  0 18 59 23 89 68 90 10 15  5 86 10  8 80 55 79 13 90 29 42 80 48 31 16 65 34  4 69 69 86  9 69 
 4 87 56 91 18 54 93 19 65 16 66 56 50 25 45 21 26 54 15 23 37 84 58 62  1 74  8 11 20 68 51 89 56 78 42 46 56  8 23 88 29 18 88 52 94 13 92 73 43 41 96 49 81 50 60 96 92 45 100 27 80 61 18 90  7 51 45  3 18  0 99  4 30 53 66 52 80 82 57 89 47 81 69 18 18  4 53 81 92 55 98 54 79 75 35 56  4 85 30 10 
26 18 44 55 47 72 17 78 22 67 89 33 32 47 36 69 53 44 99 41 45 82  1 40 67 40  1 23 12 82 34 39 94 50 15 28  3 94  4 28 48 67 74 95 62 24 56 80 40 37 16 78 89 89 42 66 13 33 72 75 71 62 74  6 66 92 25 95 59 99  0 69 86 87 20 15 15  7 74  4 43  7 69 61 35 46  7 97 69 26 99 76 26 22 51 44 29 58 47 95 
52 86 22 43 43 75 39 39 54  6 43 70 57 92 25 11 28  9 77 16 100 32 41 64  5 24 96 25 23 78 76 85 89 32 69 61 63 64  8 31 27 36 62 95 97 88 97 51 86 99 39 53 65 39 63 97 39 72 42 29 27  8 29  6  6 58 39 70 23  4 69  0 65 19 45 28 73 30 61  5 14 23 85 81 35 28  2 46 20  6 83 88  7 11 10 91 10  2 15 64 
86 44 50 95 30 54  5 79 77 98 97 83 28 37 71 25 22 71 30 71 86 85 78 56 64 82 97 62 69 86 86 26 27 12 52 68 29 84 21  4 20 96 73 28 56 56 28  8 83 58 31 44 93 43 84 34 36 81 60 83 43 34 13 19 61 98 62 41 89 30 86 65  0 71 88 35 49 39 41 80 10  6 33 12 60 15 37 26 71 21 73 51 27 77  2 97 26 17 33 23 
28 20 26 95 49 62 75 64 53 41 80 32 96 18 12 87 59 13 60 60 33 51 52 63 46 31 12 30 90 24 76 57 20 22 46 100 67 80 53  2 98  4 42 10 45 79 94 78  3 33 98 23 34  6 57 66 26 78 54 47 22 69  1 40 65 61 42 18 68 53 87 19 71  0 29 88 19 93 63  1  3 42 17  2 85 58 31 50 39 61 30 58 85 93 56 41  3  9 84 88 
99 73 18 16 39 71 26 95 12 48 44 59 13 52 32 46 73  4 64 90 94 57 24 58 98 59 51 89 93 80 42  9 31 65 50 86 61 62 44 11 97 48 23 48 69 21 68 21 82 65 42 36  2 74 61 30 98 58 97 21 26 80 98 28  5 76 43 70 90 66 20 45 88 29  0 18 98 59 32 69 78 25 42 64 41 89 44  5 20 19 66 31 76 28 74 43  7 30 39 79 
58 59 90 99 59 11 92  3 68 49  8 91 27 95 90 96 13 53 40 29 22 81 82 94  3 62 67 70 83 14 12 75 100 39 17 66 64 69 66 68 14 55  4  4 59 94 30 70 33 45 41 47 44 38 60 86 26 95 86 51 12 21  4 21 67 31 48  3 10 52 15 28 35 88 18  0 90 20 24 95 73 34 65 22 77 55 95 14 60 14 48 25 29 40 51 45 98 24 64 56 
63  1 92 75 96  2 54 82 21  4 65 60 32 48 59 13 77 52 87 65 94 42  5 92 93 74 31 76 97 52  9 81 19 86 40 67 37 83 94 11 79 50 11 75 53 29 96 77 32 87 87 33 100 57 60 48 25 64  4  1 43 34  4 38 66 29 38 54 15 80 15 73 49 19 98 90  0 27 30 80 47 97 31 30 47 76 53  2  2 51 88 60 39 90 39 70 44 93 50 50 
 5 26  7 96 37 81 93 72 47 30 67 71 96 31 15 22 23 13 25  1 40 62 45 16 54 65 74 37  9 68 19 78 76 78 72 98 49 36 22 41 64 51 39 84 50 91 90 90 36 11 36 39 73 34 11 85 50 25  2 40 34 47 20 12 41 55 14 58  5 82  7 30 39 93 59 20 27  0 49 15 22  4 97 79 24 27 57 70  5 29 99 25 66 27 72 94 15 51 35 15 
85 46 63 67 24 75  1 97 59 32  1 19 94 93 11 26 29 14 13 13 63 20 30 13 18 39  4 62 94  6 89 34 87 34 23 81  1  5 69 57  5 48 25 34  7  6 92 91 91 17 44 70 55 29  7  7 21 44 23 32  3 51 30 28 44 35 75 23 86 57 74 61 41 63 32 24 30 49  0 42 52 76 60 70 83 84 60 31 48 42 16 88 77 98 58 91 57 20 79 41 
24 47 93 44 60 78 44 33 16 49 92 41 10 95 73 59 49 12 22 31 42  5 21 63 75 73 94 21 13 49 99 80 11 22 43 95 97 88 96 85 78 54 68 31 15 61 30 62 63 70 30 11 30 84 34 26 30 39 88 67 31 47 30 92 17 43 31 26 10 89  4  5 80  1 69 95 80 15 42  0 16 71  4 45 20  6 94 63 100 40 36 30 59 37 42 87 14 19 15 100 
87 33 57 75  7 82 40 100 68 81 99 96 56 46  1  3 76 48 23 67 51 46 47 48 80 19 46 33 69 35 95 100 46 92 66 17 54 88 93 64 20 66 59 96 74 97 46 69 87 14 44 78 59 99 90 77 78 67 85 18 91 94 87 53  9 49 47  9  8 47 43 14 10  3 78 73 47 22 52 16  0 55 21  9 30  5 40 71 42 23 13  9 29  9 64 88 87 64 28 21 
 7 83  1 92 65 61 86 34 23 100 61 41 51 92 74 93  1 69 95 60 59 80 71 25 57  4 86 46 85 31 60 71 29 62 89  2 41 34 21 95 84 58 22 65 25 28 92 71 74 54 55 37 97  4 51 77 48 78 78 91 14 11 26 79 95 45 27 45 80 81  7 23  6 42 25 34 97  4 76 71 55  0 70 17 44 45 46 100 57 66 97 12 80 21 75 41 39 85 47 21 
70 10 47 12 82 54 24  5 87 72  9 10 72 15 54 84 54 27 37 22  3 56 39 91 88 76 28  2 48 65 40 18  6 18 75 72 29 27 88 83 22 87 29 66  9 12 78 27 14 90 94 13 85 39 16 96 26 88 65 63 47 30  2 49 36 13 56 33 55 69 69 85 33 17 42 65 31 97 60  4 21 70  0 97 60 86 86 17 77 25 60 77 80 81 34 63 14 67 54 57 
98  2 47 45 60 53 51 48 18 96 71 73 17 81 15 76 46 43 10  1 65 55 67 76 32 56 19  6 97 90 29 83 54 93 55 76 26 25 34 20 18 54 79 92 36 50 40 90 96 86 56 65 78 97 100 56  5 47 96 34 49 40 36 72 32 60 72 33 79 18 61 81 12  2 64 22 30 79 70 45  9 17 97  0 53 79 91 20 60 21 95 33 38 67 71 41 66 47 80 89 
22  6 88 81 56 57 10 85 38 50  8 49  2 99  1 67 50 95 63 60 26 59 30 88 90 19 43 15 18 89 15 30  1  6 87 89 39 54 14 60 86  7 84 11 90 46  4 10 31 68 17 58 81 60 29 61 44 78 99 45 27  6 57 53 13 100 38 93 13 18 35 35 60 85 41 77 47 24 83 20 30 44 60 53  0 100 25 92 19 79 42 12 39 69 46 74  1  6 70 36 
52 51 81 96 18 53 27 42 69 34 60 26 31 10 23 78 58 32 65 84 29 35 28  3 47 65 59 35 24 37 75 100 55 81 86 51 20 18 57 68 31 82 35 87 63 49 83 25 31 61 78 71 24 28 10 64 40 70 49 44 34 63 37 96  2 51 76 13 90  4 46 28 15 58 89 55 76 27 84  6  5 45 86 79 100  0 100 72 68 79 34 12 52 99 83 17 18  5 70 54 
94 58  4 46 48 10 40 48 61 37 95 67 66 95 97 35  5 36 43 82 34 25 92 78 91 20 57 65 29 30 12 55 35 72 12 53 65 26  7  5 42 70 69 38  1 92 65 11  5 82 56 81 37 59 26 99  4 14 13 90 13 20 71 34 11 88 35 62 29 53  7  2 37 31 44 95 53 57 60 94 40 46 86 91 25 100  0  1 44 12 14 94 86 46 63 49 50 12  2 34 
54 95 95 99 44 64 47 71 37 16 76 68 38 37 70 89 92 33  8 97 58 47 22 28 84 79 86 39 67 27 70 78 43 54 43 91 45 94 96 98 94 80 92 81 56 63 78 47 76 95 55  4 92  1 47 38 24 78 67 55 91 11 47 69 36 61 23 29 42 81 97 46 26 50  5 14  2 70 31 63 71 100 17 20 92 72  1  0  9 47 44 73 14 91 44 54 83  6 16 34 
72 98 72 40 51 49 11 92 78 38 88  4 14 58 39 33 86 85 17 59 18 22 44  7 55 21 87  3 68 25 77 95 58 23 92 97 94 18 93 65 22 20 66 35 74  2 48 72 96 49 54 87  4 23 60 24 97 59  5 29 45 86 68 34 99 54 65 98 80 92 69 20 71 39 20 60  2  5 48 100 42 57 77 60 19 68 44  9  0 87 33 38 89 37 74 95 45 51 49 92 
30 23 99 59  5 55 32 22 39 15 54 48 87 26 49 17 44 12 65 14 14 37 67  2 41 50 22  5  8 65 34 74 65 58 100 74 43 93 76 34 31 28 84 31  3 53 18 45 52 13 37 74 43  2 71 52 44 10 94 61 73 27 84 75 11 89  6 35 48 55 26  6 21 61 19 14 51 29 42 40 23 66 25 21 79 79 12 47 87  0 11 59 71 80 13 29 34 54 97 81 
 8 10  9  7 64 73 73 90 33 38 48 59 74 93 97 11 30 37 34 43 76 53 31 34 41 40 10 70 43  9 71 50 43 58 63 97 71 88 57 93 66 11 90  2 53 44 35 68 29 21 16 64 90 90 77  3 84 82 60 12 65 99 91 42 68 12 53 14 31 98 99 83 73 30 66 48 88 99 16 36 13 97 60 95 42 34 14 44 33 11  0 30 11 76 76 32 90 34 94 49 
44 12 16 60 64 75 97 20  2 95 13 37 65 69 57 35 39 59 12 62 83 41 21 100 75 28  3 46  7 56 41 57 45  8 56 35 35 71 82  7 40 61 15 93 11  6 65 92  8 85 75 90 13 79 40 63 22 31 19 29 48 25 14 66 34 74 72  9 16 54 76 88 51 58 31 25 60 25 88 30  9 12 77 33 12 12 94 73 38 59 30  0 43 59 47 71 56 75  7 85 
94  6 78 32 40 78 52 49  3 42 35 89 29 13 87 39 25 49 71 43 56  4 64 61 83 100 51 18 61  4  5 23 62 48 35 44 79 46 79 94 34 33 62 49 19 51 58 22 71 25 39 29 20 56 31 28  7 17 37 35 48 36 48 81 25 13 40 19 65 79 26  7 27 85 76 29 39 66 77 59 29 80 80 38 39 52 86 14 89 71 11 43  0 48 40 85 86 59 77 53 
46 76 49 68 33 24 78 10 92 75 95 58 77  4 46 28 14 95 62 23 26 89 87 38 35 14 96 77 35 41 69 44  3 91  1 28 41 89 25 93 74 65  4 83 30 35  4 98 51 79 29 72 50  6 80 96 96 31 30 22 67 46 28 61 55 41 27 64 34 75 22 11 77 93 28 40 90 27 98 37  9 21 81 67 69 99 46 91 37 80 76 59 48  0 38 72 45 47 75 37 
98 79  9 50 35 14 39 79 35 23 63 27 72 94  8 18 16 20 27  1 37 53 33 24 52 16 88 22 75 13 79 17 59 36  9 86 56 74 23 29 31 92 14  7 36 87 29  1 50 85 43 74 22 89 39 81 54  7 28 31 57 42 17 84 82  6 15 27  4 35 51 10  2 56 74 51 39 72 58 42 64 75 34 71 46 83 63 44 74 13 76 47 40 38  0 64 12 32 99 95 
57 70  8 26 87 99  8 36 24 39 48 85 66 49 39 62 31 96 85 71 59 20  3 97 83 93 36 79 23 48 92  8 81 49 55 23 26 38 66 32 33 44 98 88 86 40 68 75 65 69 33 15 27 94 50 38 59 59 92 89 68  1 62 90 66 96 69  1 69 56 44 91 97 41 43 45 70 94 91 87 88 41 63 41 74 17 49 54 95 29 32 71 85 72 64  0 22 42 98  1 
52 10 83 59 44 100 54 73  9 87 40 100 63 50 47 42 44 79 85 40 77 26 80 32 37 39 40 95 45 15 83 70 46  6  1 82 66 59  7 27 38 15 67  9 97 77 82 96 88  2 40 84 18 100 34 57 47 54 92 90  4 31 20 13 86 27 63 51 69  4 29 10 26  3  7 98 44 15 57 14 87 39 14 66  1 18 50 83 45 34 90 56 86 45 12 22  0 83 86 61 
52 93 34 34 64 63 41 29 51 81  5 39 56  6 34 17 44 57 21 27 91 12 96 82 37 22  5 71 82 13 32 22 37 72 93 18 28 93 53 13 33 97  1  9 46  4 27  2 36 88 19 42 32 93 68 59  8 42 69 40 66 23 35 11 12  5 42  9 86 85 58  2 17  9 30 24 93 51 20 19 64 85 67 47  6  5 12  6 51 54 34 75 59 47 32 42 83  0 52 36 
43 16 20 21 52 59 50 58 55 71 67 56 90 23 94 41  1 46  9  5 39 68 77 98 97 48  1 99 73 81 21 38 98  5 31 31 27 93 30 74 24 25 70 97 49 48  2 81  8 63 38 50 71 70 27  6 70 81 76 45 23 15 18 88 28 59 94 24  9 30 47 15 33 84 39 64 50 35 79 15 28 47 54 80 70 70  2 16 49 97 94  7 77 75 99 98 86 52  0 83 
 1 27 95 10 17 50  2 53 14 27 16 97 40 34  8  2 76 54 89 96 10 78  6 27 59 44 38 66 98 95 64  5 97 84 72 77 13 48 33 20 94 62 100 49 91 65  5 98  5 80 98 36 81 92 91 89 40 36 45 60 89 17 70 45 64  4 48 36 69 10 95 64 23 88 79 56 50 15 41 100 21 21 57 89 36 54 34 34 92 81 49 85 53 37 95  1 61 36 83  0 

 0 71 16 48 77  6 52 79 16 47 54 69 97 88 48 28 30 62 45 37 23 80 88 99 80 59 100 28 51 81 25 47 35 19 50 68 39 32 29 20 87 88 62 81 32 74 54 90  5 50 40 38 89  8 56 45 87 56 26 69 46 52 64 50 37  3 27 51 97 100 67 27  1 75 29 13 34 88 12 76  1 99 19  9 74 42 35 78 56 22 62 24  7  4 22 67 61 32 36 87 
71  0 10 79 51 68 67 55  1 54 69 64 18 70 55 14 19 85 41 38 38 51 89 26 92 46 42 21 89 24 87 82 53 83 86  4 69 85 94 66 33 38 35 63 22  1  2 12 32 48 70 17 24 83 68 38 73 12 71 17 72 89  8  7 44 11 67 24 27 33 71 24 81 69 82 44 74 47 85 65 37  1 92 87 68 42 31 27  2 89 56 64 89 55 12 34 91 44 78 18 
16 10  0 57 70 84 100 10 56 51 65 51 99 98 40 90 88 82 50 40 65 87 46 85 61 11 32 63 65 57 18 84 91  9 18 77 70 10 92 31 25 75 35 34 54 69 99 30 18 42 77 86 63 38 55 61 44 13 16 40 30 41 49 25 32 14 63 76 38 59 90 55 49 22 91 33 41 62 21 69 24 92 37 71  7  2 84 44  5  7 76 21 25 32 89 99 19 93 54  3 
48 79 57  0 76 86 47 96 71 51 23 44 19 46 11 27 75 33 53 51 43 26 70 82 10 16 84 38 62 57  6 41 93  9 53 96 62 26 46 12  5 59 45 41 74 13 89 51 75 17 93 40 64  2 11 26 63 70 38 18 81 62 52 83 57 78 14 31 79 17 33 56  4 44 57 31 70 47 63 77 25 69 77 33 13 51 74 30 79 15 69 74 49 64 27 77 10 66 61 96 
77 51 70 76  0 12 94 53 60 67  7 79 79  4 15  9 87 81 84 67 31 65 35 99 76 62 62 36 80 38 60 20 61 51  3 51 87 99 20 50 93 55 29 22 45 29 53 20 40 55 19 76 24 40 69 13 94 54 53 10 85 45 87 85 60 13 87 88 58 58 74 50 63 60 97 88 17 69 65 41 89 20 25 38 56 53 57 50 60 80 58 60 57 37 50 24 35 12 21 87 
 6 68 84 86 12  0  1 44 27 42 54 85 41 57  7 31 37 34 29 19 85 85 64  2 80 87 98 74 59 78 56 48 30 37 87 36 70 16 58 58 99 66 34 26 74 23 28 14 81 83 56 50 31  1 55 42 53 40 17 37 57 38 54 79 14 38 76 81 31 21 90 23 32 30 31 53 68 52 68  3 41 38 64 28 42 64 62 46 35 48 19 25 14 97 61  7  9 29 60 52 
52 67 100 47 94  1  0  6 29 42 88 19 43 34 86 51 71 40 31 20 67 46 25 100 45 29 81 16 50 25 55 24  6 45 31 87 63 67 54 32 49 47 45 100 93 62 63 20 24 55 21 69 57 67 30 100 41 97 86 33 43 26  1 19 71 43 12 78 82 29 97 48 77 54 39 15 28 20 71 60 70 56 77 75 38 35 91 30 86 44 51 23 79 15 75 93 65 81 84 78 
79 55 10 96 53 44  6  0 24 23 64  6 56 31 12 45 19 25 29 58 20 39  8 80 70 49 49 66 61 17 100 88 73 70 64 22 73 37 52 41 80 48 55 32 53 89 27 33 10 10 100 96 65  3 10 10 49 98 85 90 84 95 31 59 25 62  4 57 98 73  6 57 18 55 18 86 25 14 18 80  8 75 84 85 19 85 60 12 17 56 30 34 28 28  1 64 17 31 50 34 
16  1 56 71 60 27 29 24  0 41 58 18 36 20 90 15 70  2 79  8 43 60 56 20  5  6 45 58  2 94 38 60 32 66 15 61 65 18 87 54 79 53 82 17 92 82 42 53 33 62 84  6 52 83 84 97 43 23 60 49 96 46 91 30  6 43 30 24 69 37 82 87 22 12 96 92 91 64 62 95 10 91 26 84 34 18 55 49  3 75 42 95 70 19 75 42 96 80 47 34 
47 54 51 51 67 42 42 23 41  0 84 86 71 86 25 56 58 37 67 24  8 41 89 99 78 17 36 96 74 73  6 84 28 61 58 100 17  7 78 32 42 19 32 78 61  1 41 52 40 11 88 66 76 67 62 20 19 55 49  6 66 50 42 83 43 99 27 30 19 21 41 83  8 90 14 48 91 76 29 51 47  2 12 17 61 64 28 74 77 88 32 28 64 54 83 39 10  6 60 88 
54 69 65 23  7 54 88 64 58 84  0 79 18 22  1 19 39 66 60 62 30 41 26  8 40 74 44 53 20  6  9 18 39 20 19 69 51 61 36 77 48 39 34 36 37 48 80 73 41 48 80 12 89 77 19 54 56 38  4 35 13 49 11 43 62 42 11 46 62 56 16 72 54 21 67 64 44 15 88  7 46 89 82 67 90 76 19 19  4 62 71 64 96 14 18 50 57 63 75 69 
69 64 51 44 79 85 19  6 18 86 79  0 29 14 67 90 28 96 23 24 100 100 30 36 18 29 94 54 26 29 97 83 93 28 55 27 77 12  5 35 22 16 13 36 52 26 50 27 69 99 40 79 60 50 82 15 45 38 96 49 61 22 80 61  1 29 74 52 62 29 62 77 53 37 35 15 40 27 95 80  1 41 98 70 44 93 47 49 66  6 63 33 16 58 68 20  1 55 20 69 
97 18 99 19 79 41 43 56 36 71 18 29  0 40 65 67 45 53 55 41 48 96 68 43 47 63 65  8 19 81 61 53  4 60 49 95 19  5 33 10 42 11 56 87 59 88 50 73 14 29 39  2 22 100 14 97 34 46 29 28 13 22 84 28 49 80  6 80 44 35 90 67 71 29 69 75 71 37 17 88 20 47 36 56 33 90 57 63 85 24 12 72 69 93 22 54 11 25 17 84 
88 70 98 46  4 57 34 31 20 86 22 14 40  0 45 94 24 53 54 38 74 88 61 57 75 48 94 86 19 72 45 30 11 54 64 35 81 64 59 65  4 90 21 28 47 35 31 92 47  7 80 23 34 63 25 41 39 34 15 68 41 57 40 24 93 90 40 58 40 22 82  9  7 90 39 28 35 34 36 27 42 27 46 31  7 58 74 89 66 50  2 94 81 84  3 62 32 88 80 46 
48 55 40 11 15  7 86 12 90 25  1 67 65 45  0 57 88 43 75 57 38 35 74 79 32 15 55  6 21 38 87 66 84 30 72 89 50 75 55 76 72 100 73 91 57 26 74 35 65 84 73  8 36 63 77 90 71 54 25 22 50 61 60 43 37 99  9 20 60 85 87 46 28 56 59 51 64 86 96 66 85 40 27 75 85 82 25 61 53 36 43 20 29 93 70 43 62 66  6 96 
28 14 90 27  9 31 51 45 15 56 19 90 67 94 57  0 86 48 67  1 24 16 41 74 43 20 99 41 26 36 19 39 22 13 47 11 46 22 67  6 65 94 78 42 20 38 47 24 64 41 18 92 53 62 45 79  5 34 33 66 49 26 26 48 17 52 38 83 45 44 46 60 90 24 59 11 59 26 50 17 88 53  3 73 54 60 56  8 65 96 91 89 80 58 46 33 78 75 45 41 
30 19 88 75 87 37 71 19 70 58 39 28 45 24 88 86  0 70 85 26 92 43 45 24  1  8 60 53 60 26 61 55 24 98 52 62 18 83 38 82 57 32 94 29 39 40 65 24 36 99 49 65 28 12  7 60 19 73 22 50 64 91 59 76 38 20  4 43 78 45 78 56 84 74 38 91 40 88 45 59 22 83 55 77 18 60 78 56  9  9 49 53 40 67 77 73 76 92 78 57 
62 85 82 33 81 34 40 25  2 37 66 96 53 53 43 48 70  0 23 55 43 18 74 12 57 92 52 73 27 69 100 15 23  7 52 22 29 58 82 54 67 60 85 82 10 22 74 86 47 21 36 95 71  4 13 67 44 30 73 97  3 82 35 36 64 58 66 43 39 76 100 98 42 72 100 66 57 69 83 75 56 47 72 72 33 67 68 88 13 76 44 36 39 55 95 56 44  7 24  8 
45 41 50 53 84 29 31 29 79 67 60 23 55 54 75 67 85 23  0 89 28 86 37 22 11 43 77 15 66 57 96 83 78 41 75 97 64 86 28 67 85 80 29 70 37 13 63 75 92 53 88 63 28 53 81 57 49 68  4 98 97 54 73 81 74 38 83 91 64 76 18 22 90 31 35 77 18 67 76 93 27 46 65 89 33 45 64 80 53 31 39 66 62 78 84 40 40 91 54 19 
37 38 40 51 67 19 20 58  8 24 62 24 41 38 57  1 26 55 89  0 64 96 76 68 93 62 69 62 41 71 84  8 38 13 83 74 18 76  9 90 44 37 80 17 17 70  7 76 65 62 39 23 12 34 71 29 85 66 30 46 61 74 32 29 41 31 29 26 61 91 69 55  8 71 29 84 75 71 83 73 75 83 86 86 20 27 30 40 16 19 37 20 99 97 93 23 70 59 34  9 
23 38 65 43 31 85 67 20 43  8 30 100 48 74 38 24 92 43 28 64  0 45 29 88 48 50 34 18 41 53 91 56 11 51 30 65  2 52 25 21 41 81 71 38 17 47 40 11 48 63 62 93 91 70 66 88  3  5 48 24 93 21 66 71 51 45 99 56  2 67 63  8 31 67 13 71 27 41 25 50 32 45 89 14 37 60 99 46 97 72 34 67 71 78 69 68 31  1 95 41 
80 51 87 26 65 85 46 39 60 41 41 100 96 88 35 16 43 18 86 96 45  0 27 82 74 83 43 64 26 38 14 22 69 26 31 61 26 66 56 59 58 28 68 92 59 56 12 86 30 56 55 16 36 59 67 75 37 53 97 43 56 60 65 68 42 36 39 83 17 20 12 17 16  3  3 65 60 13 69 99 76 60 29 20 41 98 44 47 72 32 55 61 64 42  1 96 91 80 10 29 
88 89 46 70 35 64 25  8 56 89 26 30 68 61 74 41 45 74 37 76 29 27  0 81 35  5 28 33 73 95 71 63  3 49 36 25 36 30 98 100 96 70 29 22 82 25 84 97 64 10 55 18 25 42 93 77 35 86 10 47 38 12 30 42 75 46 32 95 33 38 87 40 47 43 66 40 99 74 34 84 64 70 35 15 86 96 26 80 60  9 71 96 39  3 14 57 17 19 40 82 
99 26 85 82 99  2 100 80 20 99  8 36 43 57 79 74 24 12 22 68 88 82 81  0  7 27 23 41 71 27  1 58 46 93 90 78 32  8 34 22 22 10  7 58 70 18 85 95 97 84 35  3 37 49 63 86 17 94 27 72  6 29  2 78 82  6 65  7 29 16 69 13 18 45 69  5 24 94 64 30 15 59 38 21 19 88 63 91 88 88 63 12 22 42 81 39 49 13 27 70 
80 92 61 10 76 80 45 70  5 78 40 18 47 75 32 43  1 57 11 93 48 74 35  7  0 42 25 77 25 36 91 11 40 22 43 69 77 65 40 94 77 68 96 95 86 50 66 24 85 33 89 42 25  9 52 20 41 96  8 27  5 31 17 35 45 57 27 82  3 89 25 46 32 38 59 75 29 64 90 16  6 53 40 81 23 59 100 41 82 74 44 48  7 55 61 30 44 31 50 24 
59 46 11 16 62 87 29 49  6 17 74 29 63 48 15 20  8 92 43 62 50 83  5 27 42  0 54 17 66 92  9  9 82 34 48 94 12  4 69 16 89 73 50 22 52 68 58  1 44 81  2 71  8 43 54 13 19 78 61 22 53 36 87 42 79 63  4 11 83 31 31 23 22 85 51 34  1 35 94  4 99 86 39 58 31 44 43 23 84 31 74 95 28 99 58  7  7 84 56 49 
100 42 32 84 62 98 81 49 45 36 44 94 65 94 55 99 60 52 77 69 34 43 28 23 25 54  0 13 95 74 70 47 67 77 59 25 79 64  6 58 82 23 16  7 55 18 100  5  6 21 85 53 68 75 86  6 43 40 30 97 60 16 84 26 15 22 86 37 39 98 45 17 17 94 50 72 95 10 62 57 28 20 78 35 24 20 37 29 58 57 69 80 22  9  9 81 75 70 77 44 
28 21 63 38 36 74 16 66 58 96 53 54  8 86  6 41 53 73 15 62 18 64 33 41 77 17 13  0 27 33 100 32 83 63 31 31 65 24 56 61  8 32 42 62 61 38 99 56 59 56 61 67 49 94 95 34 13 55 81 32 80 41 34 12 81 80 53 32 57 92 81 98 13 61 64 16 17 64 62 63 29  6 63 100 69 49 74 66 67 97 29 50 84 20 61 14  1 44 11 33 
51 89 65 62 80 59 50 61  2 74 20 26 19 19 21 26 60 27 66 41 41 26 73 71 25 66 95 27  0 69 58 32 45 28 89 66 54 22 52 10 77 45 44  8 13 99 12 22 45 54 47 13 97  2 30 91 19 29 13  6 41 43 61 95 53 32 73 18 33 57 85 88 46 47  9 31 27 88 15 87 54  4 78 16 75 94 27 36 17 34 53 99 54 24 68 72 54 91 54 31 
81 24 57 57 38 78 25 17 94 73  6 29 81 72 38 36 26 69 57 71 53 38 95 27 36 92 74 33 69  0 39 54 81 30 25 62 51 75 33 73 96 15 68 60 15  7 70 10 47 47 68 17 46  2 39  7 69 20 23 26 67 82 34 49 29 68 80 31 62 32 14 66 24 78  1 81 17 29 72 86 43 38 55 15  5 69 14 38 50  5 69 93 89 39 76 72 62 99  7 27 
25 87 18  6 60 56 55 100 38  6  9 97 61 45 87 19 61 100 96 84 91 14 71  1 91  9 70 100 58 39  0 71 20 84 33 89 79 80 87 59 53 27 37 72 26 72  1 32  7 33 70 30 53 45  4  4 62 64 89 42 51 31  2 83 63 36 50 30 72 40 42 63 58 44 32 68 100 96 13  4  8 87 68 75 24 17 55 16  7 58 37 86 80 46 49  3 19 47 83 24 
47 82 84 41 20 48 24 88 60 84 18 83 53 30 66 39 55 15 83  8 56 22 63 58 11  9 47 32 32 54 71  0 15 56 50 27 53  7 29 29 52 48 43 61 41 18 61 41 12 70 77 39 96 78 31 24 27 96 24 26 70 34 51 98 83 29  1 14 95  9 53 32 98 17 77 27 16 23 56 28  4 54 67 40 57 23 72 68 51 26 40 52 97 26 38 88 47 99 85 74 
35 53 91 93 61 30  6 73 32 28 39 93  4 11 84 22 24 23 78 38 11 69  3 46 40 82 67 83 45 81 20 15  0  6  4 96 74 71 73 50 60 64 11 52 61 81 18 61 53 92 34 29 76 39 18 98 43 23 63 47 26 37 64 97 21 62 63  7 71 52 17 59 96 55 55 16 50 47  9 59 87 98 63 61 80 27 56 72 66 23 39 54 61 91 57  9 61 56 27  1 
19 83  9  9 51 37 45 70 66 61 20 28 60 54 30 13 98  7 41 13 51 26 49 93 22 34 77 63 28 30 84 56  6  0 24 64 14 98 35  2 45  4 22 52 51 52 24 76 17 86 28 56 35 35 95 29 83 86 38 14 55 66 77 36 77  3 66 65 82 77 16 54 100 90 54 78 44 43 50 83 21 15 59 50 84 23  7 25 84 21 10 53 75 37 91 81 51 38 77 35 
50 86 18 53  3 87 31 64 15 58 19 55 49 64 72 47 52 52 75 83 30 31 36 90 43 48 59 31 89 25 33 50  4 24  0 99 11 32 15 92 56 66 23 79 19 31  4 97 40 77 76 97 14 74 85 28 65 44 10 43 74 45 17 71 39 72 85 57 46 100 84 46 65 17 24 92 69 46 54 75 71  5 17 23 53 73 96 79 54 24 41 67 66 73 55 75 58 54 43 30 
68  4 77 96 51 36 87 22 61 100 69 27 95 35 89 11 62 22 97 74 65 61 25 78 69 94 25 31 66 62 89 27 96 64 99  0 53 37 86 41 78 48 84 20 38 61 98  3 18 21 27 71 39 92 47 78 51 68 74 25 65 25 49 10 65 76  6 36 34 32 39 71 15 18  3 62 55 32 18 37 85 87 42 19 24 15 63 36 10 34 38 17  1 45  2 70 35 82 62 58 
39 69 70 62 87 70 63 73 65 17 51 77 19 81 50 46 18 29 64 18  2 26 36 32 77 12 79 65 54 51 79 53 74 14 11 53  0 98 68 53 91 34 17 23 64 11 53 45 73 79 75  7 49 36 10 13 44  4  7 23  8 79 27 22 40 80 79 37 33 30 71 68 55  4 56 79 70  6 86 26 69 42 32 67 99 71 78 52 11 37 23 52 84 68 19 54 20 92 88 86 
32 85 10 26 99 16 67 37 18  7 61 12  5 64 75 22 83 58 86 76 52 66 30  8 65  4 64 24 22 75 80  7 71 98 32 37 98  0 47 83 47 91 45 11 35 49 40 51 24 32 77 75 59 42  2 96 96 55 34 91 72 72 70 41 11 97 93 27 17 61 49 16 34 65 16 50 19 69 72  5 26 50 86 71 61 92 64 30 99 32 46 45 16 43  1 78 24  8 74 63 
29 94 92 46 20 58 54 52 87 78 36  5 33 59 55 67 38 82 28  9 25 56 98 34 40 69  6 56 52 33 87 29 73 35 15 86 68 47  0 49 77 76 27 32 46 51  2 66 90 77 53 19  5 76 94  9 58 33 56 89 32 49 28 24 41 75 81 31 55 98 90 92 62 57 83 36 22 77 63 13 34 35 22 66 72 11 47 35 67 23 33 60 30 76 68 63 59  9 97 57 
20 66 31 12 50 58 32 41 54 32 77 35 10 65 76  6 82 54 67 90 21 59 100 22 94 16 58 61 10 73 59 29 50  2 92 41 53 83 49  0 63 91 61 61 49 12 71 32 89 19 78 40 46  9 35 44 73 38 25 71 32 78 48  6 24 78 47 10 65 57 77 55 89 68 92 56 93 49 94  5 23 76 70 28 33 26 83 35 35 61  3 46 11  7 73 60 75 43 43 83 
87 33 25  5 93 99 49 80 79 42 48 22 42  4 72 65 57 67 85 44 41 58 96 22 77 89 82  8 77 96 53 52 60 45 56 78 91 47 77 63  0 34 17 88 57 56 72 10 43 35 89 52 25 94 64 36 27 71 53 51  8 89 84 46  6 30 39 44  6 19 80 98 100  8 20 93 42 84 73 48 77 15 87 58 20 73 67 33 71 56 76 93 100  8 34 47 95 94 97  2 
88 38 75 59 55 66 47 48 53 19 39 16 11 90 100 94 32 60 80 37 81 28 70 10 68 73 23 32 45 15 27 48 64  4 66 48 34 91 76 91 34  0 94 27 43 99 77  9 44 86 13 25 83 92 50 23 42 19 26 47 95 76 81  5 65 78 12 32 16 55 33 54 28 90 77 28 44 66 38 47 71 62 55 10 96 20 16 13 55 10 82 53 23 33 15 66 72 42 43 35 
62 35 35 45 29 34 45 55 82 32 34 13 56 21 73 78 94 85 29 80 71 68 29  7 96 50 16 42 44 68 37 43 11 22 23 84 17 45 27 61 17 94  0  3 27 77 94 86 33 15 73 45 11 16 84 96 14 79 82 39 44 63 42 14 19 10 29 58 79 10 16 17  6  9  7 82 90 28 76 63 66 73 42 28 26 41 31 23 75  4 44 81 33 71 67 21 17 35  5 44 
81 63 34 41 22 26 100 32 17 78 36 36 87 28 91 42 29 82 70 17 38 92 22 58 95 22  7 62  8 60 72 61 52 52 79 20 23 11 32 61 88 27  3  0 89 40 81 56 86 14 13 38 87 73 74 19 24 73 70 68  8 78 49 74 42 88 95 100 12 41 31 55 59 98 96 64 53 22 36 82  9 41 48  2 65  9 74 45 92 54 60 21 43 17 95  4 79 61 31 17 
32 22 54 74 45 74 93 53 92 61 37 52 59 47 57 20 39 10 37 17 17 59 82 70 86 52 55 61 13 15 26 41 61 51 19 38 64 35 46 49 57 43 27 89  0 34 14 67 94  1 18 41 93 20 85 14 38 48 11  6 54 35 28 14 60 60 25 48 83 36 54 36 63 28 72 81 49 72 70 86 39 92 52 97 64 26 98 19 15 98 51 62 91 72 67 23 35 87 53 54 
74  1 69 13 29 23 62 89 82  1 48 26 88 35 26 38 40 22 13 70 47 56 25 18 50 68 18 38 99  7 72 18 81 52 31 61 11 49 51 12 56 99 77 40 34  0 35 54 87 77 60  7 70  4 60 63 74 30 42 67 85 85 26 32 60 70 63 97 70 24 30 13 68 14 49  5 70 11 92 58 48 78 95 39 45 56 40 47 90 82 23 91 55 87 42 57 74 90 63 22 
54  2 99 89 53 28 63 27 42 41 80 50 50 31 74 47 65 74 63  7 40 12 84 85 66 58 100 99 12 70  1 61 18 24  4 98 53 40  2 71 72 77 94 81 14 35  0 69 94 98 74 56 12 54 12 44 58 99 16 64  7 18 46 64 15 39 29 28 16 17 72 50 72  4 45 18 12  6 17 40 62 45 23 24 70 37 61 33 30 67 72 72 22 94 93 24 21 76 70 51 
90 12 30 51 20 14 20 33 53 52 73 27 73 92 35 24 24 86 75 76 11 86 97 95 24  1  5 56 22 10 32 41 61 76 97  3 45 51 66 32 10  9 86 56 67 54 69  0 85  8 63 71 80 94 22 33 49 74 33 74 72 69 66 16 25 70 94 65 94 71 19 26 66  1 11 50  8 16 18 65 32 61 57  6 86 37 95 20 28 68 78 62 87 29 94 33 30 74 76  8 
 5 32 18 75 40 81 24 10 33 40 41 69 14 47 65 64 36 47 92 65 48 30 64 97 85 44  6 59 45 47  7 12 53 17 40 18 73 24 90 89 43 44 33 86 94 87 94 85  0 51 41 12 73 32 44 24 93 39 63 61 65 57 69 26 27 42 100 31 24 36 54 37 27 44 32 68 88 70 20 58 44 18 66 40 91 48 95 49  3 17 85 45 31 61 44  6 45 69 67 71 
50 48 42 17 55 83 55 10 62 11 48 99 29  7 84 41 99 21 53 62 63 56 10 84 33 81 21 56 54 47 33 70 92 86 77 21 79 32 77 19 35 86 15 14  1 77 98  8 51  0 16 36 48  6 81 43 70 47 38 52 57 45 44 27  2 28 86 18  3 95 74 35 13 76 72 68 10 99 79 17 52 35 17  1 20 52 27 36 35 65 56 29 98 62 48 70 85 56 97 32 
40 70 77 93 19 56 21 100 84 88 80 40 39 80 73 18 49 36 88 39 62 55 55 35 89  2 85 61 47 68 70 77 34 28 76 27 75 77 53 78 89 13 73 13 18 60 74 63 41 16  0 76 72 63 43 57 83 89 49  6  6  4 18 70 48 69 21 33 58 20 84 90 47 65 37  7 18 54 25 48 66 36 69 54 77 43 21 40 62 23 60  4 52 71 32 45 61 91 29  6 
38 17 86 40 76 50 69 96  6 66 12 79  2 23  8 92 65 95 63 23 93 16 18  3 42 71 53 67 13 17 30 39 29 56 97 71  7 75 19 40 52 25 45 38 41  7 56 71 12 36 76  0 34 10 37 33 35 68 10 51 43 63 16 72 66 46 65 66 16 60 31 71 68 38 30 35 37 68 16 74 16 70 93 59 21 16 10 84 25  8 48  4 41 44 62 46 41 47 94 47 
89 24 63 64 24 31 57 65 52 76 89 60 22 34 36 53 28 71 28 12 91 36 25 37 25  8 68 49 97 46 53 96 76 35 14 39 49 59  5 46 25 83 11 87 93 70 12 80 73 48 72 34  0 25 48 28 74  6 30 20 80 55 79 40 46 32 96 72 43 23 33 92 76 97 42 80 24 27 72 30 29 64 38 58 24 94 60  2 97 72  1 86 71 35 99 57 83 80 35 62 
 8 83 38  2 40  1 67  3 83 67 77 50 100 63 63 62 12  4 53 34 70 59 42 49  9 43 75 94  2  2 45 78 39 35 74 92 36 42 76  9 94 92 16 73 20  4 54 94 32  6 63 10 25  0 61 80 15 66 28 84 39  3 29 83 73 38 17 11 40 50 30 49 89 92 36 88 61 85 84  4  9 41 45 47 90 65 42 98 77 44 52 49 34 93 58  2 31 26 57 33 
56 68 55 11 69 55 30 10 84 62 19 82 14 25 77 45  7 13 81 71 66 67 93 63 52 54 86 95 30 39  4 31 18 95 85 47 10  2 94 35 64 50 84 74 85 60 12 22 44 81 43 37 48 61  0 42 62 38 77 77 71 40 54 97  9 91 50 69 57 12 51 12 22 82 98 49 22 66 92 52 38 41 60  3 88 88 41 38 38  1 25 99 49 29 86 44 95  6 26 61 
45 38 61 26 13 42 100 10 97 20 54 15 97 41 90 79 60 67 57 29 88 75 77 86 20 13  6 34 91  7  4 24 98 29 28 78 13 96  9 44 36 23 96 19 14 63 44 33 24 43 57 33 28 80 42  0 18 22 83 41 85 39 34 21 73 94 81 53 41 15 78 27 73 52 46 27 61 27 87 45 12 15 18 62 29 60 13 39 88 83 78 13 94 26  8 87 84  5 77 16 
87 73 44 63 94 53 41 49 43 19 56 45 34 39 71  5 19 44 49 85  3 37 35 17 41 19 43 13 19 69 62 27 43 83 65 51 44 96 58 73 27 42 14 24 38 74 58 49 93 70 83 35 74 15 62 18  0 71 82  3 22 25 16 18 52 15 46 86 95  7 71 78 87 90  2 78 98 35 76 73 20 44 79 81 79 73 98 53 29 75 66 49 82 10 12 72 11 77 21 29 
56 12 13 70 54 40 97 98 23 55 38 38 46 34 54 34 73 30 68 66  5 53 86 94 96 78 40 55 29 20 64 96 23 86 44 68  4 55 33 38 71 19 79 73 48 30 99 74 39 47 89 68  6 66 38 22 71  0 72 60 39 51 31 40 66 21 15 31 25 29 62  9  6 18 60 22 31 36 99 49 17 43 30 76 24 19 60 33 38 98 46 50 71 94 92 45 33 74 20 23 
26 71 16 38 53 17 86 85 60 49  4 96 29 15 25 33 22 73  4 30 48 97 10 27  8 61 30 81 13 23 89 24 63 38 10 74  7 34 56 25 53 26 82 70 11 42 16 33 63 38 49 10 30 28 77 83 82 72  0 67 30 34 46 58 46 94 35 43 24 26 57 30 30 23 14 41 95 40 60 28  4  8 50 35 28 10 81 12 81 68  7 23 46 58 64 52 11 40  1 12 
69 17 40 18 10 37 33 90 49  6 35 49 28 68 22 66 50 97 98 46 24 43 47 72 27 22 97 32  6 26 42 26 47 14 43 25 23 91 89 71 51 47 39 68  6 67 64 74 61 52  6 51 20 84 77 41  3 60 67  0 71 13 48 35 15 76  8 71 12 97 32 44 40 11 61 92 85 20 56 22 81  1 37 49 47 27 65 39 67 56 82 54 89 93 54 21 60 63 71 83 
46 72 30 81 85 57 43 84 96 66 13 61 13 41 50 49 64  3 97 61 93 56 38  6  5 53 60 80 41 67 51 70 26 55 74 65  8 72 32 32  8 95 44  8 54 85  7 72 65 57  6 43 80 39 71 85 22 39 30 71  0 64 53 71 86 59 98  4 100 36 30 84 66 55 36 86 42 16 85  6 46 93 41 85 49 13 86 15 69 33 34 62 51 78 60 49 33 29 83 37 
52 89 41 62 45 38 26 95 46 50 49 22 22 57 61 26 91 82 54 74 21 60 12 29 31 36 16 41 43 82 31 34 37 66 45 25 79 72 49 78 89 76 63 78 35 85 18 69 57 45  4 63 55  3 40 39 25 51 34 13 64  0 39 78 76 14  2 59 41 27 26 98 68 31 31 29 84 36 81 36  9 58 84 83 96 16 52 87 55 50 35 55 87 72 87 89 48 50 40 80 
64  8 49 52 87 54  1 31 91 42 11 80 84 40 60 26 59 35 73 32 66 65 30  2 17 87 84 34 61 34  2 51 64 77 17 49 27 70 28 48 84 81 42 49 28 26 46 66 69 44 18 16 79 29 54 34 16 31 46 48 53 39  0 49 14 41 82 58 51 93 50 28 99 66 19 77 88 92 96 57 82 88 93 47 39 83  4 38 56 88 47 55 44 93 90 14 78 74 78 35 
50  7 25 83 85 79 19 59 30 83 43 61 28 24 43 48 76 36 81 29 71 68 42 78 35 42 26 12 95 49 83 98 97 36 71 10 22 41 24  6 46  5 14 74 14 32 64 16 26 27 70 72 40 83 97 21 18 40 58 35 71 78 49  0 73 13 99 29  9 21 96 78 53 62 42 84 55 82 88 34  5 21 52 25 72 62 98 68 65 23 82 28 14 52 48 51 91 64 32 13 
37 44 32 57 60 14 71 25  6 43 62  1 49 93 37 17 38 64 74 41 51 42 75 82 45 79 15 81 53 29 63 83 21 77 39 65 40 11 41 24  6 65 19 42 60 60 15 25 27  2 48 66 46 73  9 73 52 66 46 15 86 76 14 73  0 50 16 96 22 62  4 72 84 83 77 69 20 72 72 63 82 12 65 50 79 71 69 55  7 49 58 86 93 36 65 79  6 96 97 83 
 3 11 14 78 13 38 43 62 43 99 42 29 80 90 99 52 20 58 38 31 45 36 46  6 57 63 22 80 32 68 36 29 62  3 72 76 80 97 75 78 30 78 10 88 60 70 39 70 42 28 69 46 32 38 91 94 15 21 94 76 59 14 41 13 50  0 64 92 47 62  3 44 63 31 86 28 94 25 50 51 43 35 52 20 26 39 22 40  1  3 83 20 40 66 91  9 74 93 13 77 
27 67 63 14 87 76 12  4 30 27 11 74  6 40  9 38  4 66 83 29 99 39 32 65 27  4 86 53 73 80 50  1 63 66 85  6 79 93 81 47 39 12 29 95 25 63 29 94 100 86 21 65 96 17 50 81 46 15 35  8 98  2 82 99 16 64  0 63 84 11 36 70 67  6 76 65 21 39 36 54 65 81  9 51 86 49 66 89 25 71 32 39 67 74 87 10 31 48 20 22 
51 24 76 31 88 81 78 57 24 30 46 52 80 58 20 83 43 43 91 26 56 83 95  7 82 11 37 32 18 31 30 14  7 65 57 36 37 27 31 10 44 32 58 100 48 97 28 65 31 18 33 66 72 11 69 53 86 31 43 71  4 59 58 29 96 92 63  0 68 99 31 12 61 77 43 59 41 34 32 45 57 51 50 88 33 97 70 100 42 96 50 76 59 24 78 79 68 72 81 76 
97 27 38 79 58 31 82 98 69 19 62 62 44 40 60 45 78 39 64 61  2 17 33 29  3 83 39 57 33 62 72 95 71 82 46 34 33 17 55 65  6 16 79 12 83 70 16 94 24  3 58 16 43 40 57 41 95 25 24 12 100 41 51  9 22 47 84 68  0 65 15 72 28 21 39 80 59 91 10 88 88 47 12  8 94 16 73 65 23 40 30 70 50 46 57 36 59 29 82 60 
100 33 59 17 58 21 29 73 37 21 56 29 35 22 85 44 45 76 76 91 67 20 38 16 89 31 98 92 57 32 40  9 52 77 100 32 30 61 98 57 19 55 10 41 36 24 17 71 36 95 20 60 23 50 12 15  7 29 26 97 36 27 93 21 62 62 11 99 65  0 15 90 39 18  8 92 10 17 52 34 67 31 22 69 34 95 31 11 13 54 15 48 66  6 31 15 71 27 93 68 
67 71 90 33 74 90 97  6 82 41 16 62 90 82 87 46 78 100 18 69 63 12 87 69 25 31 45 81 85 14 42 53 17 16 84 39 71 49 90 77 80 33 16 31 54 30 72 19 54 74 84 31 33 30 51 78 71 62 57 32 30 26 50 96  4  3 36 31 15 15  0 16  5  9 26 39 47 98 59 94 89 97  3 45 86 59 90 18 48 79 14 10 94 61 41 53 31 72 62 25 
27 24 55 56 50 23 48 57 87 83 72 77 67  9 46 60 56 98 22 55  8 17 40 13 46 23 17 98 88 66 63 32 59 54 46 71 68 16 92 55 98 54 17 55 36 13 50 26 37 35 90 71 92 49 12 27 78  9 30 44 84 98 28 78 72 44 70 12 72 90 16  0 70 80 84 76 61 92 33 90 78 96 47 59 86 85 53 28 73 87 38 20 71 50 73 33 63 85 70  8 
 1 81 49  4 63 32 77 18 22  8 54 53 71  7 28 90 84 42 90  8 31 16 47 18 32 22 17 13 46 24 58 98 96 100 65 15 55 34 62 89 100 28  6 59 63 68 72 66 27 13 47 68 76 89 22 73 87  6 30 40 66 68 99 53 84 63 67 61 28 39  5 70  0 56  8 77 42 76 72 12 87 28 17 81 75 62 96 79 19 97 73 38 27 57 86 23 65 90 85 85 
75 69 22 44 60 30 54 55 12 90 21 37 29 90 56 24 74 72 31 71 67  3 43 45 38 85 94 61 47 78 44 17 55 90 17 18  4 65 57 68  8 90  9 98 28 14  4  1 44 76 65 38 97 92 82 52 90 18 23 11 55 31 66 62 83 31  6 77 21 18  9 80 56  0 47 10 64 33 34 91 94 74 49 94 14 48 42 56 65 60 85 42 38 38 63 28 60 45 45  9 
29 82 91 57 97 31 39 18 96 14 67 35 69 39 59 59 38 100 35 29 13  3 66 69 59 51 50 64  9  1 32 77 55 54 24  3 56 16 83 92 20 77  7 96 72 49 45 11 32 72 37 30 42 36 98 46  2 60 14 61 36 31 19 42 77 86 76 43 39  8 26 84  8 47  0 91 48 76 33 37 77 37 67 34 53 27 15 84 45 63 44 58  9 81 18 88 95 33 58 63 
13 44 33 31 88 53 15 86 92 48 64 15 75 28 51 11 91 66 77 84 71 65 40  5 75 34 72 16 31 81 68 27 16 78 92 62 79 50 36 56 93 28 82 64 81  5 18 50 68 68  7 35 80 88 49 27 78 22 41 92 86 29 77 84 69 28 65 59 80 92 39 76 77 10 91  0 20 100 66 27 16 48 48 76 19 40 30 93 65 89 63 91 67  9 25 34  8 87 43 83 
34 74 41 70 17 68 28 25 91 91 44 40 71 35 64 59 40 57 18 75 27 60 99 24 29  1 95 17 27 17 100 16 50 44 69 55 70 19 22 93 42 44 90 53 49 70 12  8 88 10 18 37 24 61 22 61 98 31 95 85 42 84 88 55 20 94 21 41 59 10 47 61 42 64 48 20  0 76 95 22 41 72 83 56 57 27 28 100 93 77 27 64 47 22 63 14 34 38 16 65 
88 47 62 47 69 52 20 14 64 76 15 27 37 34 86 26 88 69 67 71 41 13 74 94 64 35 10 64 88 29 96 23 47 43 46 32  6 69 77 49 84 66 28 22 72 11  6 16 70 99 54 68 27 85 66 27 35 36 40 20 16 36 92 82 72 25 39 34 91 17 98 92 76 33 76 100 76  0 41 35 54 34  8 38 38 44 52 23 35  5 24 57 20 69 31 19 71 52 80 54 
12 85 21 63 65 68 71 18 62 29 88 95 17 36 96 50 45 83 76 83 25 69 34 64 90 94 62 62 15 72 13 56  9 50 54 18 86 72 63 94 73 38 76 36 70 92 17 18 20 79 25 16 72 84 92 87 76 99 60 56 85 81 96 88 72 50 36 32 10 52 59 33 72 34 33 66 95 41  0 61 37 49 22 11 36 23  9 75 84 49  4 27 15  2 26 42 64 88 33 22 
76 65 69 77 41  3 60 80 95 51  7 80 88 27 66 17 59 75 93 73 50 99 84 30 16  4 57 63 87 86  4 28 59 83 75 37 26  5 13  5 48 47 63 82 86 58 40 65 58 17 48 74 30  4 52 45 73 49 28 22  6 36 57 34 63 51 54 45 88 34 94 90 12 91 37 27 22 35 61  0 85 40 41 75 61 77  1 47  6 85 48 52 66 27 25 14 55 82 88 51 
 1 37 24 25 89 41 70  8 10 47 46  1 20 42 85 88 22 56 27 75 32 76 64 15  6 99 28 29 54 43  8  4 87 21 71 85 69 26 34 23 77 71 66  9 39 48 62 32 44 52 66 16 29  9 38 12 20 17  4 81 46  9 82  5 82 43 65 57 88 67 89 78 87 94 77 16 41 54 37 85  0 43 53 92 44 61 31 54 94 61 80 39 92 94 83 42 12 54 93 36 
99  1 92 69 20 38 56 75 91  2 89 41 47 27 40 53 83 47 46 83 45 60 70 59 53 86 20  6  4 38 87 54 98 15  5 87 42 50 35 76 15 62 73 41 92 78 45 61 18 35 36 70 64 41 41 15 44 43  8  1 93 58 88 21 12 35 81 51 47 31 97 96 28 74 37 48 72 34 49 40 43  0 22 43 60 62 89 11 45 90 36 95 18 82 92 87 96 24 17 39 
19 92 37 77 25 64 77 84 26 12 82 98 36 46 27  3 55 72 65 86 89 29 35 38 40 39 78 63 78 55 68 67 63 59 17 42 32 86 22 70 87 55 42 48 52 95 23 57 66 17 69 93 38 45 60 18 79 30 50 37 41 84 93 52 65 52  9 50 12 22  3 47 17 49 67 48 83  8 22 41 53 22  0  8 51 47 43 38  5 88 10 34  1 46 99 17 89 53 90 40 
 9 87 71 33 38 28 75 85 84 17 67 70 56 31 75 73 77 72 89 86 14 20 15 21 81 58 35 100 16 15 75 40 61 50 23 19 67 71 66 28 58 10 28  2 97 39 24  6 40  1 54 59 58 47  3 62 81 76 35 49 85 83 47 25 50 20 51 88  8 69 45 59 81 94 34 76 56 38 11 75 92 43  8  0 89 41 20 68 70 71 18 50 63 85 28 81 95 42 34 23 
74 68  7 13 56 42 38 19 34 61 90 44 33  7 85 54 18 33 33 20 37 41 86 19 23 31 24 69 75  5 24 57 80 84 53 24 99 61 72 33 20 96 26 65 64 45 70 86 91 20 77 21 24 90 88 29 79 24 28 47 49 96 39 72 79 26 86 33 94 34 86 86 75 14 53 19 57 38 36 61 44 60 51 89  0  5 90 43 73 35 64 87 36 29 63  7 65 69 33  5 
42 42  2 51 53 64 35 85 18 64 76 93 90 58 82 60 60 67 45 27 60 98 96 88 59 44 20 49 94 69 17 23 27 23 73 15 71 92 11 26 73 20 41  9 26 56 37 37 48 52 43 16 94 65 88 60 73 19 10 27 13 16 83 62 71 39 49 97 16 95 59 85 62 48 27 40 27 44 23 77 61 62 47 41  5  0 50 66 40 47 48 56 32 30 48 40 16 84 10 36 
35 31 84 74 57 62 91 60 55 28 19 47 57 74 25 56 78 68 64 30 99 44 26 63 100 43 37 74 27 14 55 72 56  7 96 63 78 64 47 83 67 16 31 74 98 40 61 95 95 27 21 10 60 42 41 13 98 60 81 65 86 52  4 98 69 22 66 70 73 31 90 53 96 42 15 30 28 52  9  1 31 89 43 20 90 50  0 30 43 94 69  2  6 51 30 65 79 36 71 86 
78 27 44 30 50 46 30 12 49 74 19 49 63 89 61  8 56 88 80 40 46 47 80 91 41 23 29 66 36 38 16 68 72 25 79 36 52 30 35 35 33 13 23 45 19 47 33 20 49 36 40 84  2 98 38 39 53 33 12 39 15 87 38 68 55 40 89 100 65 11 18 28 79 56 84 93 100 23 75 47 54 11 38 68 43 66 30  0 95 91 52 55 68 38 39  4  7 55 79 71 
56  2  5 79 60 35 86 17  3 77  4 66 85 66 53 65  9 13 53 16 97 72 60 88 82 84 58 67 17 50  7 51 66 84 54 10 11 99 67 35 71 55 75 92 15 90 30 28  3 35 62 25 97 77 38 88 29 38 81 67 69 55 56 65  7  1 25 42 23 13 48 73 19 65 45 65 93 35 84  6 94 45  5 70 73 40 43 95  0  9 41 50 23 33 47 24 86 17 60 23 
22 89  7 15 80 48 44 56 75 88 62  6 24 50 36 96  9 76 31 19 72 32  9 88 74 31 57 97 34  5 58 26 23 21 24 34 37 32 23 61 56 10  4 54 98 82 67 68 17 65 23  8 72 44  1 83 75 98 68 56 33 50 88 23 49  3 71 96 40 54 79 87 97 60 63 89 77  5 49 85 61 90 88 71 35 47 94 91  9  0 82 27  2 24 97 80 13 60 22 11 
62 56 76 69 58 19 51 30 42 32 71 63 12  2 43 91 49 44 39 37 34 55 71 63 44 74 69 29 53 69 37 40 39 10 41 38 23 46 33  3 76 82 44 60 51 23 72 78 85 56 60 48  1 52 25 78 66 46  7 82 34 35 47 82 58 83 32 50 30 15 14 38 73 85 44 63 27 24  4 48 80 36 10 18 64 48 69 52 41 82  0 97 63 27 33 69 19 65 11 42 
24 64 21 74 60 25 23 34 95 28 64 33 72 94 20 89 53 36 66 20 67 61 96 12 48 95 80 50 99 93 86 52 54 53 67 17 52 45 60 46 93 53 81 21 62 91 72 62 45 29  4  4 86 49 99 13 49 50 23 54 62 55 55 28 86 20 39 76 70 48 10 20 38 42 58 91 64 57 27 52 39 95 34 50 87 56  2 55 50 27 97  0 68 53 71 47 33  9 71 15 
 7 89 25 49 57 14 79 28 70 64 96 16 69 81 29 80 40 39 62 99 71 64 39 22  7 28 22 84 54 89 80 97 61 75 66  1 84 16 30 11 100 23 33 43 91 55 22 87 31 98 52 41 71 34 49 94 82 71 46 89 51 87 44 14 93 40 67 59 50 66 94 71 27 38  9 67 47 20 15 66 92 18  1 63 36 32  6 68 23  2 63 68  0 20 96  8 62 58 69 70 
 4 55 32 64 37 97 15 28 19 54 14 58 93 84 93 58 67 55 78 97 78 42  3 42 55 99  9 20 24 39 46 26 91 37 73 45 68 43 76  7  8 33 71 17 72 87 94 29 61 62 71 44 35 93 29 26 10 94 58 93 78 72 93 52 36 66 74 24 46  6 61 50 57 38 81  9 22 69  2 27 94 82 46 85 29 30 51 38 33 24 27 53 20  0 94 17 52 38 16 13 
22 12 89 27 50 61 75  1 75 83 18 68 22  3 70 46 77 95 84 93 69  1 14 81 61 58  9 61 68 76 49 38 57 91 55  2 19  1 68 73 34 15 67 95 67 42 93 94 44 48 32 62 99 58 86  8 12 92 64 54 60 87 90 48 65 91 87 78 57 31 41 73 86 63 18 25 63 31 26 25 83 92 99 28 63 48 30 39 47 97 33 71 96 94  0 22 62 66  6 67 
67 34 99 77 24  7 93 64 42 39 50 20 54 62 43 33 73 56 40 23 68 96 57 39 30  7 81 14 72 72  3 88  9 81 75 70 54 78 63 60 47 66 21  4 23 57 24 33  6 70 45 46 57  2 44 87 72 45 52 21 49 89 14 51 79  9 10 79 36 15 53 33 23 28 88 34 14 19 42 14 42 87 17 81  7 40 65  4 24 80 69 47  8 17 22  0 68 32 15 78 
61 91 19 10 35  9 65 17 96 10 57  1 11 32 62 78 76 44 40 70 31 91 17 49 44  7 75  1 54 62 19 47 61 51 58 35 20 24 59 75 95 72 17 79 35 74 21 30 45 85 61 41 83 31 95 84 11 33 11 60 33 48 78 91  6 74 31 68 59 71 31 63 65 60 95  8 34 71 64 55 12 96 89 95 65 16 79  7 86 13 19 33 62 52 62 68  0 32 64 46 
32 44 93 66 12 29 81 31 80  6 63 55 25 88 66 75 92  7 91 59  1 80 19 13 31 84 70 44 91 99 47 99 56 38 54 82 92  8  9 43 94 42 35 61 87 90 76 74 69 56 91 47 80 26  6  5 77 74 40 63 29 50 74 64 96 93 48 72 29 27 72 85 90 45 33 87 38 52 88 82 54 24 53 42 69 84 36 55 17 60 65  9 58 38 66 32 32  0 66 88 
36 78 54 61 21 60 84 50 47 60 75 20 17 80  6 45 78 24 54 34 95 10 40 27 50 56 77 11 54  7 83 85 27 77 43 62 88 74 97 43 97 43  5 31 53 63 70 76 67 97 29 94 35 57 26 77 21 20  1 71 83 40 78 32 97 13 20 81 82 93 62 70 85 45 58 43 16 80 33 88 93 17 90 34 33 10 71 79 60 22 11 71 69 16  6 15 64 66  0 51 
87 18  3 96 87 52 78 34 34 88 69 69 84 46 96 41 57  8 19  9 41 29 82 70 24 49 44 33 31 27 24 74  1 35 30 58 86 63 57 83  2 35 44 17 54 22 51  8 71 32  6 47 62 33 61 16 29 23 12 83 37 80 35 13 83 77 22 76 60 68 25  8 85  9 63 83 65 54 22 51 36 39 40 23  5 36 86 71 23 11 42 15 70 13 67 78 46 88 51  0 
