facilities = 30 objectives = 2 max_distances = 100 max flows = 100 correlation = 0.000000 seed = 1136839079
 0 73 43 74 59 42 49 56 53 38 81 75 85 45 96 25 88 13 67 78 33 40 69 24 22 86 94  3 87 63 
73  0 76 74 53 29  4 92  7 60 40 51 42 91 23 36 34 77 99 66 60 56 89 18 68 56 54 31 31 80 
43 76  0 98  3 94 21 20 55 34  3 17 77 37 35 14 64 25 60 23 30 47 10 30 50 96 11 67 38 29 
74 74 98  0 96 59 62 67 17 92 21 45 82 30 27 79 25 14 91  9 86 96 37 34 61 21 58 51 98  5 
59 53  3 96  0 95 87 84  5 60 50  1 80 53 76 60  6 42 14 95 96 52 42 34 39  1 24 25 18 20 
42 29 94 59 95  0 70  1  2 25 95 59  2 16 36 56 64 97  6 81 24 72  7 27 40 23 19 38 75 51 
49  4 21 62 87 70  0 89 23 37 52 98 21 27  7 27 95 35 81 60 15 46  6 53 97 90 25 69  1 76 
56 92 20 67 84  1 89  0 27 49 45 54 59 59 76 42 83 28 26 61 57 98 15 55 74  6 51 84 73 96 
53  7 55 17  5  2 23 27  0 77 24  9 80 58 26 43 22 65 51 77 71 16 53 11 62  1 32 27 78 32 
38 60 34 92 60 25 37 49 77  0 44 96 20 94 92 88 80  9 13 17 38 82 61 58 38  2 40 24 51 94 
81 40  3 21 50 95 52 45 24 44  0 56 83 94 97 94 25 93 90  6 33 54 98 74 47 95 59 47 95 14 
75 51 17 45  1 59 98 54  9 96 56  0 53 86 60  8 90 65 11 61 37 51 60 87 55 87 21 58 98 68 
85 42 77 82 80  2 21 59 80 20 83 53  0 18 21 21 19 17 93 91  4  9 47 57  5 65 17 66  7 20 
45 91 37 30 53 16 27 59 58 94 94 86 18  0 12 35 55 68 74 14 42  5 64 34 83 33 17 79 71 35 
96 23 35 27 76 36  7 76 26 92 97 60 21 12  0 21 51 26 98 13 58 10 14 58 74 86 32 62 69 93 
25 36 14 79 60 56 27 42 43 88 94  8 21 35 21  0 67 55 72 41 58 67 56 11 58 57 12 42 54 25 
88 34 64 25  6 64 95 83 22 80 25 90 19 55 51 67  0 34 88 55 18 55 68 49 58 97 29 43 28 63 
13 77 25 14 42 97 35 28 65  9 93 65 17 68 26 55 34  0 57 94 29 23 58 16 40 46 75 90 42 75 
67 99 60 91 14  6 81 26 51 13 90 11 93 74 98 72 88 57  0 41 50 18 43 42 92 58 45 56 32 72 
78 66 23  9 95 81 60 61 77 17  6 61 91 14 13 41 55 94 41  0 30 61 91  4 84 21 34  8 69 13 
33 60 30 86 96 24 15 57 71 38 33 37  4 42 58 58 18 29 50 30  0 38  1 51 85 41 37 74 85 24 
40 56 47 96 52 72 46 98 16 82 54 51  9  5 10 67 55 23 18 61 38  0 97 84 36 69 45 21 98 90 
69 89 10 37 42  7  6 15 53 61 98 60 47 64 14 56 68 58 43 91  1 97  0 67 61 51 25 46 46 25 
24 18 30 34 34 27 53 55 11 58 74 87 57 34 58 11 49 16 42  4 51 84 67  0 23 10 98  5 78 25 
22 68 50 61 39 40 97 74 62 38 47 55  5 83 74 58 58 40 92 84 85 36 61 23  0 68 77 49 43 43 
86 56 96 21  1 23 90  6  1  2 95 87 65 33 86 57 97 46 58 21 41 69 51 10 68  0 32 80 28 97 
94 54 11 58 24 19 25 51 32 40 59 21 17 17 32 12 29 75 45 34 37 45 25 98 77 32  0 33 34 15 
 3 31 67 51 25 38 69 84 27 24 47 58 66 79 62 42 43 90 56  8 74 21 46  5 49 80 33  0  1 100 
87 31 38 98 18 75  1 73 78 51 95 98  7 71 69 54 28 42 32 69 85 98 46 78 43 28 34  1  0 63 
63 80 29  5 20 51 76 96 32 94 14 68 20 35 93 25 63 75 72 13 24 90 25 25 43 97 15 100 63  0 

 0 37 44 32 64 33 48  1 49 55  3 82 79 45 54 15 57 72 70 66 55 17  4 44 54 85 48 53 94 95 
37  0 33 93 73 32 44 35 33 16 90 31 55 44 78 25  8 47 91 83 31  4 36 32 82  1 32 31 76 98 
44 33  0 62 44 68 33 81 90 100 71 94 99 77 78 11 87  6 27 98 48 54 83 13 61  5 34 63  6 99 
32 93 62  0 99 78 48 70  8 92  1 67 40 91 85 59  3 73 38 69 47 12 49 95  7 21 67 90 48 59 
64 73 44 99  0 42 45 12 24 77 65 38 41 47  9 48 38 23 54 65 22 67 67 35 13  3 71 17 61 14 
33 32 68 78 42  0 50 77 94 62  4 93 79 78 21 94 84  5 99 85 82 33 89 58 97  4 36 33 40 42 
48 44 33 48 45 50  0 89 68 33 94  7 25 17 11 47 26 20 83 17 76 46 38  3 45 66 60 50 79 15 
 1 35 81 70 12 77 89  0 11 10 79 69 44 73 73 12  8 37  4 94 28 65 82 63  7 21 39 88 85 67 
49 33 90  8 24 94 68 11  0 92 44 19 87 17 30 81 44 34 89 75  4 88  2 20 21 24 58 31 10 24 
55 16 100 92 77 62 33 10 92  0 48 57 22 83 74 20 17 92 16  4 86 18 48 93 48 41 18 71  1 87 
 3 90 71  1 65  4 94 79 44 48  0 59 31 81  8 96 37 69  7 15 96 77 61 38 44  1 98 89 36 86 
82 31 94 67 38 93  7 69 19 57 59  0 10 92 77 41 76 62 59 86 47 80  9 65 94 22 93 90 18 25 
79 55 99 40 41 79 25 44 87 22 31 10  0 23 22 99  9 68 100 82 80 47 85 39 46 84 11 11 27 26 
45 44 77 91 47 78 17 73 17 83 81 92 23  0 18 30 52  2 50 20 12 87 11 89  6 44 21 20 69  5 
54 78 78 85  9 21 11 73 30 74  8 77 22 18  0 89 46 32 59 86 69 87 72 34  7 95 36 73 78 52 
15 25 11 59 48 94 47 12 81 20 96 41 99 30 89  0 59 66 86 77  8 72 27 50 98 44 72 76 81 18 
57  8 87  3 38 84 26  8 44 17 37 76  9 52 46 59  0 23 72 84 90 56  2 42 39 93 27 76 38 14 
72 47  6 73 23  5 20 37 34 92 69 62 68  2 32 66 23  0 81 89  5 84 58 12 83 23  2 65 95 63 
70 91 27 38 54 99 83  4 89 16  7 59 100 50 59 86 72 81  0 31 55 97 86 91  1 52 10 74 69 73 
66 83 98 69 65 85 17 94 75  4 15 86 82 20 86 77 84 89 31  0 53 50 12 58 45 69 20 71 83 64 
55 31 48 47 22 82 76 28  4 86 96 47 80 12 69  8 90  5 55 53  0 26 58 35  7 82 32 44  1 63 
17  4 54 12 67 33 46 65 88 18 77 80 47 87 87 72 56 84 97 50 26  0  2 85 44 34 53 95 96 98 
 4 36 83 49 67 89 38 82  2 48 61  9 85 11 72 27  2 58 86 12 58  2  0 55 86 56 30 71 25 11 
44 32 13 95 35 58  3 63 20 93 38 65 39 89 34 50 42 12 91 58 35 85 55  0 18 79 19 86 63 29 
54 82 61  7 13 97 45  7 21 48 44 94 46  6  7 98 39 83  1 45  7 44 86 18  0 26 54 55 32 23 
85  1  5 21  3  4 66 21 24 41  1 22 84 44 95 44 93 23 52 69 82 34 56 79 26  0 34 34 51 63 
48 32 34 67 71 36 60 39 58 18 98 93 11 21 36 72 27  2 10 20 32 53 30 19 54 34  0 59 81 86 
53 31 63 90 17 33 50 88 31 71 89 90 11 20 73 76 76 65 74 71 44 95 71 86 55 34 59  0 71 60 
94 76  6 48 61 40 79 85 10  1 36 18 27 69 78 81 38 95 69 83  1 96 25 63 32 51 81 71  0 26 
95 98 99 59 14 42 15 67 24 87 86 25 26  5 52 18 14 63 73 64 63 98 11 29 23 63 86 60 26  0 

 0 36 48 62 99  8 52  1 96 16 75 92 48 74 32 60 37 37 95 54 77 63 23 47 13 100 75 34 38 58 
36  0 48 83 42 84 58 91  7 54 94  4 69 15 26  8 87 10 48 74 78 50 30  4 63 40 80  3 45 29 
48 48  0 78 43 53 100 31 70 97 87 48 21 27 14 61 12 36  5  8 21 64 44 42 38 83 98 15  5  6 
62 83 78  0 62 31 52 83 17 10 57 34 32 69 29 57 13 52 86 39 36 59 37 74 47 72 11 57  1 71 
99 42 43 62  0 100 25 62 75 25 78 66 82 73 99 75 18 22 37 33 12 64  2 46 84 68 47 99 86 10 
 8 84 53 31 100  0 35 64 67 62 19 94  8 18 95 34 78 20  1 55 67  3 72 29 14 99 25 78  4 87 
52 58 100 52 25 35  0  1 74 80 37 35 93 31 76 31 26 54 91 54 30  3 48 56 59 91 53 49 49 18 
 1 91 31 83 62 64  1  0 94 10 13 94 14  7 27 50 96 21  3 99 47 44 90 46 61 56 42 95  7 54 
96  7 70 17 75 67 74 94  0 88 46 56 99 28 26 97 68 83 61 42 11 72 96 75 13 37 37 73 86 33 
16 54 97 10 25 62 80 10 88  0 32 60 76 11  7 74 64 88 70 63 61 100 12 13 54 14 98  6  5 75 
75 94 87 57 78 19 37 13 46 32  0 64 51 91 57 21 85 48 61 21 84 12 65 49 39 76 71 68 25 96 
92  4 48 34 66 94 35 94 56 60 64  0 28 61 10 52 73 68 83 61  4 69 35 92 15 25 96 38 40  3 
48 69 21 32 82  8 93 14 99 76 51 28  0 69 16 87 16 79 20 62 62 80 39 96  7 47 58 85 88 65 
74 15 27 69 73 18 31  7 28 11 91 61 69  0 17 51 54 39 26 91  9 32 35 47 92 100 22 86 16 50 
32 26 14 29 99 95 76 27 26  7 57 10 16 17  0 41 89 77 25 44 92 47 94 50 28 24 62 52 50 26 
60  8 61 57 75 34 31 50 97 74 21 52 87 51 41  0 11 45 16 73 24 82 22 15 26  9 30 73 15 66 
37 87 12 13 18 78 26 96 68 64 85 73 16 54 89 11  0 29 38 90  3  2 99 36 69 27 60 68 54 17 
37 10 36 52 22 20 54 21 83 88 48 68 79 39 77 45 29  0 92 32 14 58 22 100 78 22 72 94 40  7 
95 48  5 86 37  1 91  3 61 70 61 83 20 26 25 16 38 92  0 50 90 49 29 87 88 39 10 32 48 42 
54 74  8 39 33 55 54 99 42 63 21 61 62 91 44 73 90 32 50  0 22 46 43 57 48  9 10 93 70 99 
77 78 21 36 12 67 30 47 11 61 84  4 62  9 92 24  3 14 90 22  0 80 70 17 86 71  4  2 91 32 
63 50 64 59 64  3  3 44 72 100 12 69 80 32 47 82  2 58 49 46 80  0 60 76 87 89  5 40 45 82 
23 30 44 37  2 72 48 90 96 12 65 35 39 35 94 22 99 22 29 43 70 60  0  6 84 25 99 11 45 18 
47  4 42 74 46 29 56 46 75 13 49 92 96 47 50 15 36 100 87 57 17 76  6  0  1 16 67 29 81 47 
13 63 38 47 84 14 59 61 13 54 39 15  7 92 28 26 69 78 88 48 86 87 84  1  0  8 29 15 84 88 
100 40 83 72 68 99 91 56 37 14 76 25 47 100 24  9 27 22 39  9 71 89 25 16  8  0 10 16 27  3 
75 80 98 11 47 25 53 42 37 98 71 96 58 22 62 30 60 72 10 10  4  5 99 67 29 10  0 54 47 74 
34  3 15 57 99 78 49 95 73  6 68 38 85 86 52 73 68 94 32 93  2 40 11 29 15 16 54  0 60 70 
38 45  5  1 86  4 49  7 86  5 25 40 88 16 50 15 54 40 48 70 91 45 45 81 84 27 47 60  0 28 
58 29  6 71 10 87 18 54 33 75 96  3 65 50 26 66 17  7 42 99 32 82 18 47 88  3 74 70 28  0 
