facilities = 60 objectives = 2 max_distances = 100 max flows = 100 correlation = 0.300000 seed = 13709198
 0 88 70 81 67 89  8 67 87 27  3 99 67 75 49 23 16 54  5 55 36 52 62 32 48 41 53 42 46 36 21 33 69 18 74 93 72 78 93  6 50 44 56 82 37 53 83 46 34 68 15 92 15 75 86 79  2 42 45 69 
88  0 36 31 79 30 67 55 63 17 67 28 11 59 56 40 40 21 100 44 99 37 48 13 43  8 42 32 54 51 34 90 56  2 26 30 83 99 73 19 57 68 17 95 27 85 73 69 74 28 74 75 97 53 57 69 42 100 90 67 
70 36  0 91 28 17 78 73 69 87 95 52 26 11 48 58 19 100  2 75 26 32 77 86 95 56 62 36 42 80 57 85 55  5 82 34 98 52  1 71 12 98  4 85 11 63 54 57 19 83 39 20 53 44 39 58 53 32 61 10 
81 31 91  0 56  9 84 22 82 13 82 29  2 95  7 20  9 75 25 22 35 74 94  5 90  6 55 80  7 67 27 63  7  9 79 61 82 14 77  2 64 37 60 64 57 100 94 95  1 67 77 83 41 28 93 73 47 62 79 81 
67 79 28 56  0  2 85  2 75 60 67  7 29 42 79 59 88 92 23 55  6 42 65 14 92 28  9  3 71 34 73 13 95 72 44 78 78 81 98 68  1  7 68 76 22 64 57 87 94 55 52 72 68 30 82 65 28 32  3  8 
89 30 17  9  2  0 99 91 62 66 99 52 45 36 23  2 60 77 50 23 49 32 95 77  1 35 25 22 38 35 78 28 90 93 71 67 85 46 49 39 68 25 62 59 42 51 79 17 48 76 22 60 53 59 22 43 23 71 94  2 
 8 67 78 84 85 99  0 89 32 29 64 41 20 65 63 67 47 72 49 66 11  7 67 76 100 99 28 34 94 96 51 30 81  7 50 30 31 16 53 29 37  9 60 13 73 86 78 30 44 87 63  9 81 100  9 69 42 36 12 13 
67 55 73 22  2 91 89  0 89 18 12 18 13 96 43 46 14 96 90 97 46 38 38 66  3 84 16 35 98 55 30  6 10 49 38 76 71 20 80 31 95  4 15 61  7 55 37 76 33 94 37 35  9 48 15 34 19 98 25 94 
87 63 69 82 75 62 32 89  0 14  5 45 39 54 63 80 52 16 32 32  1 54 17 61 92 22 88 79 66 12 80 73 95 100 82 49 34 28 89 33 62 23 45 22 99 82 23 30 10 92 91 20  8  1  7 22  9 28 54 91 
27 17 87 13 60 66 29 18 14  0 48 76 87 45 33 91 17 88 10 16 52  7 40 76 44 15 22  8 98 79 56  8 12 31 98 44  2 31 58 20 44 41 54 94 10 44 56 73 70 87  7 59 39 76 31 52 61 17 37 69 
 3 67 95 82 67 99 64 12  5 48  0 46 99 61 33 32 97 39 84 16 87 54 24 97 46 48 42  1 39  5 60 99 13 85 23 91 43 52  4 40 66 10 72 17 76 43 88 50 94 87  3 15 89 41 47 80 23 38 76 62 
99 28 52 29  7 52 41 18 45 76 46  0 12 58  6 48 15 33 12 31 43 12 92 84 88 27 56 71 85 57 48 95 79 35 97 80 21 47 21 60 95 20 21 59 65 62 100 31 35 71  7 86 33 25 35 78 91 13  1 66 
67 11 26  2 29 45 20 13 39 87 99 12  0 58 75 12 32 14 12 50 64 30 17 86 77 35 93 54 86 60 25 75  5 82 32 69 26 20 25 60 25 26 64 29 36 75 72 60 18  2 21 88 55 82 14 25 85 56 33 43 
75 59 11 95 42 36 65 96 54 45 61 58 58  0 75 30 38 41 79 75 92 31 62 92 74  6 100 97 22 18 11 39 67 25 88 38 31 35 70  2 29 95 75 32 17 85 19 53 24  9 11 76 14  2 60 100 19 57 56 69 
49 56 48  7 79 23 63 43 63 33 33  6 75 75  0 85 56 14  8 45  6 73  2 12 71 15 57 67 11 74 45 13 32 54 74 65 57 10 89 20 56 73 29 97 47 30 47 82 40 99 93 41 16 11 94 65  2 60 56 88 
23 40 58 20 59  2 67 46 80 91 32 48 12 30 85  0 47 15  5 33  2 20 86 27 27 97 40 24 41 55  3 74 14 46 81 74 44 18 44 75 84 39 68 94 90 64  2 18 17 40 75  5 15 85 64  4 92  9 68 59 
16 40 19  9 88 60 47 14 52 17 97 15 32 38 56 47  0 72 83 42 69 58 30 67 53 82 10 99 70  1 95 96 62 88 62 88 27 26  1 37 53 66 54 44 82 17 72 30 92 96 89 35 78  1 41 11 75 40 97 38 
54 21 100 75 92 77 72 96 16 88 39 33 14 41 14 15 72  0 31 86 73 47 81 90 94 68 20 76 76 54 97 52 32 77 12 41 67 39  7  4 47 51  9 34 20 79 52 61 90 54 90 38  4 45 31 56  7 63 54 28 
 5 100  2 25 23 50 49 90 32 10 84 12 12 79  8  5 83 31  0 70 27 81 40 46 14 55 52 30  7 82  7 88 62  7 83 31 41 35 52 85 72 37 53 78 99 84 55 46 90 91 65 22 55 45 37 47 72 25 91 35 
55 44 75 22 55 23 66 97 32 16 16 31 50 75 45 33 42 86 70  0 39 15 23  7 52 52 24 56 29 92  3 33 82 55 23 91  8 76 65 17 58 18 31 29 67 31  1 32 23 66  4 68  3  5 58  1 100 63 34 49 
36 99 26 35  6 49 11 46  1 52 87 43 64 92  6  2 69 73 27 39  0 80 80 81 61 97 25  1 36 67 88 91 77 88 49 54 62 24 11 29 33 89 61 84 99 51 83 16 50 55 100 77 64 50 42  8 97 86 75 80 
52 37 32 74 42 32  7 38 54  7 54 12 30 31 73 20 58 47 81 15 80  0 97 13 37 36 54 18 67 66 70 78 100 38 81 12 95 52 47 49 32 84 45 80 83 60 57 68 35 27  2 51 67 60 82  4 24 43 57 60 
62 48 77 94 65 95 67 38 17 40 24 92 17 62  2 86 30 81 40 23 80 97  0 55 62 30 42 75 75  7 89  3 56 95 20  2 68 82 47 14 89 59 34 82  6 88  2 82 82 54 74 100 41 37 24 60 17  7 77 22 
32 13 86  5 14 77 76 66 61 76 97 84 86 92 12 27 67 90 46  7 81 13 55  0 55 28 74 49 55  4 21  5 59 18 88 20 27  3 19 10 54  7 15 78 33 64 36 43 72 94 88  3 54 33  1 12  3 77 32 40 
48 43 95 90 92  1 100  3 92 44 46 88 77 74 71 27 53 94 14 52 61 37 62 55  0 50 91 93 13 60 79  5 86 96 61 25 51 41  4 77 41  2 100 21 14 33 49 42 89 23  5 51 100 66 75 18 54 20 90 80 
41  8 56  6 28 35 99 84 22 15 48 27 35  6 15 97 82 68 55 52 97 36 30 28 50  0 52 90 88 93 15 30 93 87 64 79 57 14 66 62  8 58 82 45 94  5 72 70  4 39 30 70 70 14  9 12 40 11 85 70 
53 42 62 55  9 25 28 16 88 22 42 56 93 100 57 40 10 20 52 24 25 54 42 74 91 52  0 53 55 41  9 32  4 50 35 54  2 97 95 91 49 85 16  8 11  2 69 47 14 88 92 33 86 68 15 31 100  4 64 22 
42 32 36 80  3 22 34 35 79  8  1 71 54 97 67 24 99 76 30 56  1 18 75 49 93 90 53  0 97 20 38 44 10 44 90 44  7 62 75 39 86 51  6 84 89 24 18  5 82 21 52  6 86 59 73 64 91 62 97 38 
46 54 42  7 71 38 94 98 66 98 39 85 86 22 11 41 70 76  7 29 36 67 75 55 13 88 55 97  0 96 70 22 89 92 77  9 99 52 55  2 70 56 96 38 55 82 15 62 49 96 71 55 63 69 91 17 63 66  4 75 
36 51 80 67 34 35 96 55 12 79  5 57 60 18 74 55  1 54 82 92 67 66  7  4 60 93 41 20 96  0 54 67 11 51 37 53  2 90 79 67 47 16  1 85 43 81 48  6 66 72 81  6 92 94 20 22 16 92 33 51 
21 34 57 27 73 78 51 30 80 56 60 48 25 11 45  3 95 97  7  3 88 70 89 21 79 15  9 38 70 54  0 27 31 71  2 33 69 88 55 94  5 72 22 52  7 12 91  9 76 98 100 66 21 27 96 47 51 55 78 88 
33 90 85 63 13 28 30  6 73  8 99 95 75 39 13 74 96 52 88 33 91 78  3  5  5 30 32 44 22 67 27  0 64  4 14 38 20 25 56 28 100 75 81 77 90 70 100 23 51 93 44 35  2 26 17 91 75 97 48 89 
69 56 55  7 95 90 81 10 95 12 13 79  5 67 32 14 62 32 62 82 77 100 56 59 86 93  4 10 89 11 31 64  0 19  3 33 93 44 99 40  1 47 36 48 42 61 59 49 19 96 44 20 63 27 86 40 15 50 79  9 
18  2  5  9 72 93  7 49 100 31 85 35 82 25 54 46 88 77  7 55 88 38 95 18 96 87 50 44 92 51 71  4 19  0 39 83 36  1 38 10 78 68 48 28 48 21 94 40 25 48 85 85 99 52 63 97 22 34 93 57 
74 26 82 79 44 71 50 38 82 98 23 97 32 88 74 81 62 12 83 23 49 81 20 88 61 64 35 90 77 37  2 14  3 39  0 100 45 95 34 67 23 100 82 63 51 33 100 16 81 87  6 50 85 41 84 44 35 71 92 22 
93 30 34 61 78 67 30 76 49 44 91 80 69 38 65 74 88 41 31 91 54 12  2 20 25 79 54 44  9 53 33 38 33 83 100  0 55 51  2 91 84 25 13  2 19 25 94 20 60 93 56 81 17 63 19 86 94 95 21 89 
72 83 98 82 78 85 31 71 34  2 43 21 26 31 57 44 27 67 41  8 62 95 68 27 51 57  2  7 99  2 69 20 93 36 45 55  0 45 51  3 51 19 71 40 75 57 88 62 32 56 30 26 65 23 38 60 33 12  3 30 
78 99 52 14 81 46 16 20 28 31 52 47 20 35 10 18 26 39 35 76 24 52 82  3 41 14 97 62 52 90 88 25 44  1 95 51 45  0 43  8  8 59 90 94 10 85 78 64  4  8 72 10 36 43 71 65 66  5 98  9 
93 73  1 77 98 49 53 80 89 58  4 21 25 70 89 44  1  7 52 65 11 47 47 19  4 66 95 75 55 79 55 56 99 38 34  2 51 43  0 32 72 67 52 12 74 57 40 49 38 55  2 15 86 25 43 99 77 48 75 88 
 6 19 71  2 68 39 29 31 33 20 40 60 60  2 20 75 37  4 85 17 29 49 14 10 77 62 91 39  2 67 94 28 40 10 67 91  3  8 32  0 85 66 52 58 74  7 83 46 94 74 84 30 23 97 19 96 82 86 58 73 
50 57 12 64  1 68 37 95 62 44 66 95 25 29 56 84 53 47 72 58 33 32 89 54 41  8 49 86 70 47  5 100  1 78 23 84 51  8 72 85  0 72 46 31 14 40 36 78 91 77 90 80 99 11 61 44 75 53 67 11 
44 68 98 37  7 25  9  4 23 41 10 20 26 95 73 39 66 51 37 18 89 84 59  7  2 58 85 51 56 16 72 75 47 68 100 25 19 59 67 66 72  0 33  5 97 19 36 34 27  9  3 75 10 45 81 95 58  9 35 23 
56 17  4 60 68 62 60 15 45 54 72 21 64 75 29 68 54  9 53 31 61 45 34 15 100 82 16  6 96  1 22 81 36 48 82 13 71 90 52 52 46 33  0 36 72 57 21 34 35 41 29 62 32 83 45 36 83  5 57 97 
82 95 85 64 76 59 13 61 22 94 17 59 29 32 97 94 44 34 78 29 84 80 82 78 21 45  8 84 38 85 52 77 48 28 63  2 40 94 12 58 31  5 36  0 28 81 74 29 53 67 54 84 55 45 13 39 73  6 48 15 
37 27 11 57 22 42 73  7 99 10 76 65 36 17 47 90 82 20 99 67 99 83  6 33 14 94 11 89 55 43  7 90 42 48 51 19 75 10 74 74 14 97 72 28  0 53 54 79 79  7 18 82 100 67  1 88 99 97 57 52 
53 85 63 100 64 51 86 55 82 44 43 62 75 85 30 64 17 79 84 31 51 60 88 64 33  5  2 24 82 81 12 70 61 21 33 25 57 85 57  7 40 19 57 81 53  0 54 42 51 68 52 39 71 81 68  8  1 71 31 12 
83 73 54 94 57 79 78 37 23 56 88 100 72 19 47  2 72 52 55  1 83 57  2 36 49 72 69 18 15 48 91 100 59 94 100 94 88 78 40 83 36 36 21 74 54 54  0 21 21 69 34 61  6 62 93 65 39 46 93 23 
46 69 57 95 87 17 30 76 30 73 50 31 60 53 82 18 30 61 46 32 16 68 82 43 42 70 47  5 62  6  9 23 49 40 16 20 62 64 49 46 78 34 34 29 79 42 21  0 65 87 39 43  5 69 37 87 79 32 97 29 
34 74 19  1 94 48 44 33 10 70 94 35 18 24 40 17 92 90 90 23 50 35 82 72 89  4 14 82 49 66 76 51 19 25 81 60 32  4 38 94 91 27 35 53 79 51 21 65  0 21 30 89 10 87 35 65 83  2 34 99 
68 28 83 67 55 76 87 94 92 87 87 71  2  9 99 40 96 54 91 66 55 27 54 94 23 39 88 21 96 72 98 93 96 48 87 93 56  8 55 74 77  9 41 67  7 68 69 87 21  0 89 32 28  9 76 88  5 65 94 30 
15 74 39 77 52 22 63 37 91  7  3  7 21 11 93 75 89 90 65  4 100  2 74 88  5 30 92 52 71 81 100 44 44 85  6 56 30 72  2 84 90  3 29 54 18 52 34 39 30 89  0 74 47  2 14 56 24 67 88  3 
92 75 20 83 72 60  9 35 20 59 15 86 88 76 41  5 35 38 22 68 77 51 100  3 51 70 33  6 55  6 66 35 20 85 50 81 26 10 15 30 80 75 62 84 82 39 61 43 89 32 74  0 64 98 57 61 61 62 11 51 
15 97 53 41 68 53 81  9  8 39 89 33 55 14 16 15 78  4 55  3 64 67 41 54 100 70 86 86 63 92 21  2 63 99 85 17 65 36 86 23 99 10 32 55 100 71  6  5 10 28 47 64  0 63 60 50 53 98 90 22 
75 53 44 28 30 59 100 48  1 76 41 25 82  2 11 85  1 45 45  5 50 60 37 33 66 14 68 59 69 94 27 26 27 52 41 63 23 43 25 97 11 45 83 45 67 81 62 69 87  9  2 98 63  0 56 67 88 30 96 42 
86 57 39 93 82 22  9 15  7 31 47 35 14 60 94 64 41 31 37 58 42 82 24  1 75  9 15 73 91 20 96 17 86 63 84 19 38 71 43 19 61 81 45 13  1 68 93 37 35 76 14 57 60 56  0 38 100 17 52 13 
79 69 58 73 65 43 69 34 22 52 80 78 25 100 65  4 11 56 47  1  8  4 60 12 18 12 31 64 17 22 47 91 40 97 44 86 60 65 99 96 44 95 36 39 88  8 65 87 65 88 56 61 50 67 38  0 27 12 12 54 
 2 42 53 47 28 23 42 19  9 61 23 91 85 19  2 92 75  7 72 100 97 24 17  3 54 40 100 91 63 16 51 75 15 22 35 94 33 66 77 82 75 58 83 73 99  1 39 79 83  5 24 61 53 88 100 27  0 47 46 49 
42 100 32 62 32 71 36 98 28 17 38 13 56 57 60  9 40 63 25 63 86 43  7 77 20 11  4 62 66 92 55 97 50 34 71 95 12  5 48 86 53  9  5  6 97 71 46 32  2 65 67 62 98 30 17 12 47  0 70 90 
45 90 61 79  3 94 12 25 54 37 76  1 33 56 56 68 97 54 91 34 75 57 77 32 90 85 64 97  4 33 78 48 79 93 92 21  3 98 75 58 67 35 57 48 57 31 93 97 34 94 88 11 90 96 52 12 46 70  0 32 
69 67 10 81  8  2 13 94 91 69 62 66 43 69 88 59 38 28 35 49 80 60 22 40 80 70 22 38 75 51 88 89  9 57 22 89 30  9 88 73 11 23 97 15 52 12 23 29 99 30  3 51 22 42 13 54 49 90 32  0 

 0 56 50 81 32 27 55 78 96  5 40 72 40 21 32 14 72 93 100 77 52 11 98 65 83  9  1 91 26 35 43 84 100 64 32 74 22 92 67 39 55 11 91 47 40 75 57 74 68 94 50 32 59 13 40 81 85 25  4 33 
56  0 36 70 98 85 69 14 10 76  7 84 30 12 38 72 88 24 75  6 52 49 13 49 69 52 55 32 46 47 24 93 97 79 100 93 89 72 19 11 54 38 77 63 17 87 63 14 27 16 34 57 65 46 51  1 94 23 91 33 
50 36  0 25 16 35 69 46 22 51 66  7  9 94 98 80 68 42 94 13 22 48 11 51 17 74 11 80 39 90 57 68 95 92 10 100 88 64 92 24 71 71 29 46 81 62 88 77 71 51 91 80 93 47 54 71 38 93 76  7 
81 70 25  0 10 36 41 94 75 22 90 51 83 56 50 98 76 77  5 72 46 34 17 60 75 22 65 67 52 73 51 63 71 56 54 43 81 94 86 65 72 75  9  4  8  1 91 25 79 85 72 15  1 10 27 79  8 73 76 81 
32 98 16 10  0 93 13 91 40 27 34 95 93 49 55 65 97 57 92 94 55 97 18 89 51 72 30 38 23  8  6 63 91 68 34 36  2  6 27 46  7 54 27 89 33 77 30 52 47 33 99  2 27 12 93  5 27  9 28 52 
27 85 35 36 93  0 80 82 45 95 11 11 73 93 31 96 75 97 21 60 16 48 23 23 73  5 19 35 50 92 81 54 94 34 54 34 11  3 17 39 95 15 69 17 28  1 51 94 12 88 67 89 45 13  4 13  1 72 37 53 
55 69 69 41 13 80  0 19 40 75 33 18 40 41 34  7 60 79 75 19 65 54 71 92 51 74 69 26 51 59 76 41 49  8 94 85 32 88 35 82 99 25 38 56 92 12 25  9 71 25 26 99 54 90 70 24 30 24 72 10 
78 14 46 94 91 82 19  0 52 43 33 27 61 95 76 48 69  1  8 91  7 14 80 84 44 77 19 62 32 19 75  2 60  4 52 30 43 79  4  4 48 73 86 65 54 10 25  5 96 56  4 46 33 19  4 38  3 20 46 64 
96 10 22 75 40 45 40 52  0 76 10  1 55 97 71 21 21 50 95 34 96 93 44 25 42 80 48 85  4 51  1 100 58 15 16 83 42 35 57 12 41 14 82 81 13 31 41 56 95 91 60 22 80 76 57 61 26 65 13 94 
 5 76 51 22 27 95 75 43 76  0 41 50  6 90 33 58 45 39 83 14 81 82 73 64 51 22 65 77 93 56  4 59 62 72 56 59 79 19  6  3 32 22 82 20 57  7 19 41  3 58 71 95 39 41 90  5 22 86 53 14 
40  7 66 90 34 11 33 33 10 41  0 60 44 28 82 10 12 16 87 97 49 48 14 28 17 42 72 36 14 37 90 65 94  4 28 37 41 56 68  1 53 25 87 47 44 65 13 49 43 86  8 81 98 60 10 64 93 34 56  3 
72 84  7 51 95 11 18 27  1 50 60  0 76 58 29  1 40 53 100 19 65 87 73 38 47 48 44 66 11 36 65 84 61 69 50 79 14  1 33 29 73  5 72 33 67 73 83 74 15 58  9 41 48 74 96 59 49  8 86 100 
40 30  9 83 93 73 40 61 55  6 44 76  0 53 11 88 20 46 33 37 86 90 24 76 70 50 59 59 65 31 48 61 88 45 65  8 89 87 77 11  1  9 42 64 34 68 44 71 72 46 61 34 48 14 89 83 94 54 33 99 
21 12 94 56 49 93 41 95 97 90 28 58 53  0 70 72 52 81 79 97 35 30 87 26 21 54 59  1 52 12 29 80 41 52 21 18 74 44 37 51  5 78 85 54 36 24 72 63 85 84 57 39 31 36 50 84 72 74 99 36 
32 38 98 50 55 31 34 76 71 33 82 29 11 70  0  2 68 34 15 44  2 46 90 79 37 82 49 57 82 74 21 91 17 84 53 86 10  9 48 19 89 12 73 28 35 79 31 88 89 37 28 74 36 47  1 29 87 73 65 29 
14 72 80 98 65 96  7 48 21 58 10  1 88 72  2  0 84 54 72 82 92 33 55 76 28 94 43 42 19 42 21 68 66 81 61 74 73 86 80 12 99 69 39  6 22 97 21 90 70 100 36  2 70 70 21 14 45 39 81 38 
72 88 68 76 97 75 60 69 21 45 12 40 20 52 68 84  0 42  2 92 67  2 63 42 64 39 73 38 24 12 19 27 31 46  1 66 25 45 51 66 81  4 68  5 14 31 99  3 91 75 54 53 90 46 87  7 12 56 73 32 
93 24 42 77 57 97 79  1 50 39 16 53 46 81 34 54 42  0 55 66 54 21 53 25 93 28 100  8 66 84 85 50 79 69 51 95 91 97 89 15 30 51 64 45 36  7 23 16 44 97 100 12 57 94 73 46  3  4 84 44 
100 75 94  5 92 21 75  8 95 83 87 100 33 79 15 72  2 55  0 96 31 66 63 70 44 89 49 83 74 42 83 60 32  6 25 81 65 38 40 45 65 36 37 83 75 13 15 43 63 90 50 43 96 89 94 96 37 27 58 33 
77  6 13 72 94 60 19 91 34 14 97 19 37 97 44 82 92 66 96  0 43 61 86 34 27 20 68 82 78 27 81 77 15 84 32 83 81 95 97 87 66 51 26 31 97 49 11 45 38 63 68 51 94 43  1 92 88  7 11 74 
52 52 22 46 55 16 65  7 96 81 49 65 86 35  2 92 67 54 31 43  0 71 70  4 98 84 56 67 53 67 16 55 11 25  7 55  1 86 18 53 11 72 51 60 96 29 62 84  2 46 27 66 13 17 98 51 78 34  7 74 
11 49 48 34 97 48 54 14 93 82 48 87 90 30 46 33  2 21 66 61 71  0 44 93 49  4 39 41 38 63  4 82 94 11 54 51 59 58 66 80 30 69 73 16 61 58 82 25 28 72  4 58  3 47 47 45 97 34 99 31 
98 13 11 17 18 23 71 80 44 73 14 73 24 87 90 55 63 53 63 86 70 44  0 95 98  4  7 49 30  3 62  7 20 87 13 45 76 53 76 12 79 89 100 66  2 51 55 13 15 14 31 77 45 99 34 79 50 46 73 93 
65 49 51 60 89 23 92 84 25 64 28 38 76 26 79 76 42 25 70 34  4 93 95  0 26 20 31 28 19 19 41 57 45 63 87 52 60 42 97 20 62 62 40 78 82  4 29 68 24 33 32 42 33 52  6 100 100 32 71 85 
83 69 17 75 51 73 51 44 42 51 17 47 70 21 37 28 64 93 44 27 98 49 98 26  0  8 49 74 44 52 77 64 43 53 58 66  2 58 19 52 84 25 95 97 48 33 71 85 35 13 87 50 55 47 85 35 43 56 64 93 
 9 52 74 22 72  5 74 77 80 22 42 48 50 54 82 94 39 28 89 20 84  4  4 20  8  0  2 79 56 62 41 77 96 99 13 81 90 59 49 58 93 50 93 57 80 10 21 60 62 77 22 20 56 20 47 60 82  6 71 87 
 1 55 11 65 30 19 69 19 48 65 72 44 59 59 49 43 73 100 49 68 56 39  7 31 49  2  0 36 50 36  1 40 99  2  9 69 73 96 37 61 47 60 84 98 10 73 40 68  8 76 42 90 57  7 41 80 46 80 20 80 
91 32 80 67 38 35 26 62 85 77 36 66 59  1 57 42 38  8 83 82 67 41 49 28 74 79 36  0 81 91 36 95 23 86 70 57 70  5 56 59 32 64 14 82 27 78  6 91  1 66 82  2 34 69 25 44  7 43 61 82 
26 46 39 52 23 50 51 32  4 93 14 11 65 52 82 19 24 66 74 78 53 38 30 19 44 56 50 81  0 40 27 64 57  5  4 37 60 84 17 92 70 35 62  8 68 20 83 14 88 75 57 44 67 53 31 87 82 36 43 17 
35 47 90 73  8 92 59 19 51 56 37 36 31 12 74 42 12 84 42 27 67 63  3 19 52 62 36 91 40  0 92 92 39 86 64 19 65 51 35 80 23 78 54 89 45 16 87 66 96 65 72 50 41 25 67 77 72 44 70 91 
43 24 57 51  6 81 76 75  1  4 90 65 48 29 21 21 19 85 83 81 16  4 62 41 77 41  1 36 27 92  0 92 70 64 24 16 88 21 14 50 50  9 59 13 23 62 84 23 67 95 59 36 77 22 52 24 94 81 12 32 
84 93 68 63 63 54 41  2 100 59 65 84 61 80 91 68 27 50 60 77 55 82  7 57 64 77 40 95 64 92 92  0 83 92 96 53 29 30 43 49 48  6 48 42  7 79 54 54 17 52 64 49 65  4 36  5 17 57 61 18 
100 97 95 71 91 94 49 60 58 62 94 61 88 41 17 66 31 79 32 15 11 94 20 45 43 96 99 23 57 39 70 83  0 11 45 49 90  6  7 76 58 44 26  5 29 43 85 24 38 85 11 78 84 68 24 19  1 94 63 61 
64 79 92 56 68 34  8  4 15 72  4 69 45 52 84 81 46 69  6 84 25 11 87 63 53 99  2 86  5 86 64 92 11  0 69 25 98 52 85 73 40 20 92 22 60 56 70 68  2 24 43 77 45 34 56 28  1  8 80 38 
32 100 10 54 34 54 94 52 16 56 28 50 65 21 53 61  1 51 25 32  7 54 13 87 58 13  9 70  4 64 24 96 45 69  0 86 67  9 80 35 65 72 33 61 19 85 47 16 47 87 66 86 84 28 85  1 50 83 59 79 
74 93 100 43 36 34 85 30 83 59 37 79  8 18 86 74 66 95 81 83 55 51 45 52 66 81 69 57 37 19 16 53 49 25 86  0 21 69 81 24 80 46 75 86 48 82 71 39 58 17 23 37 84 17 26 44  2 51 22 90 
22 89 88 81  2 11 32 43 42 79 41 14 89 74 10 73 25 91 65 81  1 59 76 60  2 90 73 70 60 65 88 29 90 98 67 21  0 96 90 26 73 14 34  3 94 66 56 95 32 22 49 37 20 34 81  5 98 86 31 43 
92 72 64 94  6  3 88 79 35 19 56  1 87 44  9 86 45 97 38 95 86 58 53 42 58 59 96  5 84 51 21 30  6 52  9 69 96  0 67  2 76 30 52 14 51 27 12 18 99 98 40 73  1 73 28 67 33  2 36 66 
67 19 92 86 27 17 35  4 57  6 68 33 77 37 48 80 51 89 40 97 18 66 76 97 19 49 37 56 17 35 14 43  7 85 80 81 90 67  0 50 77 94 58 54 98 57 92 16 87 30 58 83 54  4 57 100 11 46 97 90 
39 11 24 65 46 39 82  4 12  3  1 29 11 51 19 12 66 15 45 87 53 80 12 20 52 58 61 59 92 80 50 49 76 73 35 24 26  2 50  0 40 21 73 65 78 33 78 44 50 43 97 62 55 52 62  7 83 89 34 58 
55 54 71 72  7 95 99 48 41 32 53 73  1  5 89 99 81 30 65 66 11 30 79 62 84 93 47 32 70 23 50 48 58 40 65 80 73 76 77 40  0 65 10 69 21 38 70 78 24 67 82 15  6 24 93 98 49 23 69 16 
11 38 71 75 54 15 25 73 14 22 25  5  9 78 12 69  4 51 36 51 72 69 89 62 25 50 60 64 35 78  9  6 44 20 72 46 14 30 94 21 65  0 49 28 61 21 93 93 61 31 29 63 79 26 67 18 14 17 25 90 
91 77 29  9 27 69 38 86 82 82 87 72 42 85 73 39 68 64 37 26 51 73 100 40 95 93 84 14 62 54 59 48 26 92 33 75 34 52 58 73 10 49  0 30 17 90 71 45 72 59 78 71 69 57 15 97 66 84 35 45 
47 63 46  4 89 17 56 65 81 20 47 33 64 54 28  6  5 45 83 31 60 16 66 78 97 57 98 82  8 89 13 42  5 22 61 86  3 14 54 65 69 28 30  0 25 26 25 21 97 97 78 19 44 97 41 22 13 88 20 61 
40 17 81  8 33 28 92 54 13 57 44 67 34 36 35 22 14 36 75 97 96 61  2 82 48 80 10 27 68 45 23  7 29 60 19 48 94 51 98 78 21 61 17 25  0 68  9 71 38 11 31  4 97 37 96 47 99 93 64 91 
75 87 62  1 77  1 12 10 31  7 65 73 68 24 79 97 31  7 13 49 29 58 51  4 33 10 73 78 20 16 62 79 43 56 85 82 66 27 57 33 38 21 90 26 68  0 25 82 78 88 65 98 18 53 71 79  2 26 31 50 
57 63 88 91 30 51 25 25 41 19 13 83 44 72 31 21 99 23 15 11 62 82 55 29 71 21 40  6 83 87 84 54 85 70 47 71 56 12 92 78 70 93 71 25  9 25  0 70 31  7 31 27 39 26 48 78 59  6 99 26 
74 14 77 25 52 94  9  5 56 41 49 74 71 63 88 90  3 16 43 45 84 25 13 68 85 60 68 91 14 66 23 54 24 68 16 39 95 18 16 44 78 93 45 21 71 82 70  0  3  5  1 67  9 38 98 56 10  4 33 39 
68 27 71 79 47 12 71 96 95  3 43 15 72 85 89 70 91 44 63 38  2 28 15 24 35 62  8  1 88 96 67 17 38  2 47 58 32 99 87 50 24 61 72 97 38 78 31  3  0 96  4 27 56 14 20 86  3 86 20 48 
94 16 51 85 33 88 25 56 91 58 86 58 46 84 37 100 75 97 90 63 46 72 14 33 13 77 76 66 75 65 95 52 85 24 87 17 22 98 30 43 67 31 59 97 11 88  7  5 96  0 31  3 58 72 94 51 100 45 54 87 
50 34 91 72 99 67 26  4 60 71  8  9 61 57 28 36 54 100 50 68 27  4 31 32 87 22 42 82 57 72 59 64 11 43 66 23 49 40 58 97 82 29 78 78 31 65 31  1  4 31  0 95 71 32 29 53 25 15 74  3 
32 57 80 15  2 89 99 46 22 95 81 41 34 39 74  2 53 12 43 51 66 58 77 42 50 20 90  2 44 50 36 49 78 77 86 37 37 73 83 62 15 63 71 19  4 98 27 67 27  3 95  0  8 69 85 97 50 67 88 49 
59 65 93  1 27 45 54 33 80 39 98 48 48 31 36 70 90 57 96 94 13  3 45 33 55 56 57 34 67 41 77 65 84 45 84 84 20  1 54 55  6 79 69 44 97 18 39  9 56 58 71  8  0 74  3 37 16 19 10 90 
13 46 47 10 12 13 90 19 76 41 60 74 14 36 47 70 46 94 89 43 17 47 99 52 47 20  7 69 53 25 22  4 68 34 28 17 34 73  4 52 24 26 57 97 37 53 26 38 14 72 32 69 74  0 46 65 16 43 78 37 
40 51 54 27 93  4 70  4 57 90 10 96 89 50  1 21 87 73 94  1 98 47 34  6 85 47 41 25 31 67 52 36 24 56 85 26 81 28 57 62 93 67 15 41 96 71 48 98 20 94 29 85  3 46  0 70 29  4 91 83 
81  1 71 79  5 13 24 38 61  5 64 59 83 84 29 14  7 46 96 92 51 45 79 100 35 60 80 44 87 77 24  5 19 28  1 44  5 67 100  7 98 18 97 22 47 79 78 56 86 51 53 97 37 65 70  0 48 66 23 88 
85 94 38  8 27  1 30  3 26 22 93 49 94 72 87 45 12  3 37 88 78 97 50 100 43 82 46  7 82 72 94 17  1  1 50  2 98 33 11 83 49 14 66 13 99  2 59 10  3 100 25 50 16 16 29 48  0 38  6 100 
25 23 93 73  9 72 24 20 65 86 34  8 54 74 73 39 56  4 27  7 34 34 46 32 56  6 80 43 36 44 81 57 94  8 83 51 86  2 46 89 23 17 84 88 93 26  6  4 86 45 15 67 19 43  4 66 38  0 31 50 
 4 91 76 76 28 37 72 46 13 53 56 86 33 99 65 81 73 84 58 11  7 99 73 71 64 71 20 61 43 70 12 61 63 80 59 22 31 36 97 34 69 25 35 20 64 31 99 33 20 54 74 88 10 78 91 23  6 31  0 67 
33 33  7 81 52 53 10 64 94 14  3 100 99 36 29 38 32 44 33 74 74 31 93 85 93 87 80 82 17 91 32 18 61 38 79 90 43 66 90 58 16 90 45 61 91 50 26 39 48 87  3 49 90 37 83 88 100 50 67  0 

 0 76 10 43 72 33 89 81 29 56 36 69  2 33 27 50  1 92 95 74 60 59 66  8 23 46 28 22 97 76 31 85 34 23 40 58 38 68 92 29 27  5 99 63  4 87 43 92 72 63 52 72 41 77 24 62 78 72 11 33 
76  0 63 85 36 40 94 23 29 28 49 68 19 93 87  2  6 35 89 85 52 91  5 46 41 94 62 51 26 59 13 97 93  6 37 39 76 56 88 33 87 51 78 69 42 65 39 18 52  5 66 52 39 16 62 39 95 60 46 64 
10 63  0 62 12 41 85 11 31 48 17 45  9 48 30 96 98 66 56 34 55 30 11 80  9 19  5 60  1 56 14 97 15 66 53 97 63 39 35 56 74 46 38 43 25 24 39 79 42 66 92 44 46 45 49 19 79 55 99 37 
43 85 62  0 58 47 98 60 88 54 57 94 92 92 14 88 34 84 23  6 27 56 35 41 59 61 62 45 47 77 96 48 65 93 60 26 53 66 90 37 84 74 36 20 41 36 12 98 76 86 37 43 23 56 76 56  5 95 33 95 
72 36 12 58  0 63  9 98 94 34 20 47 66 53 83 90 65 22 42 66 11 95 13 100 84 84 52 11 79 20 18 43 65 86 70 54 11 47 29 99 24  1 36 45 63 68 51 84 81 28 66  2  8 11 40 81 31 80 45 46 
33 40 41 47 63  0 44 94 17 52 42 87 59 85 22 66 68 89 79 70 40 35 43 78  5 24 51 80 74 46 62 42 37  7 69 16 23 67 12 60 95 35 98 42  8 19 53 73  6 76 20 41  6 31 59 43 37 20 47 64 
89 94 85 98  9 44  0 58 68 79 51 12 70  4 65 35 61 68 65 57  3 30 36 83 91 92 25 77 35 56 85 30 90 44 87 93 13 22 85 92 79 18 86 52 27 15 71  1  7 25  2 80 16 38 84  9 17 92 47 49 
81 23 11 60 98 94 58  0 95 12 81 14 10 23 76 44 82 12 14 92 52 25 82  8 36 73  7 69  7 99 63  1 61 41 44 34 41 96  8 10 37 85 78 26 60 11 73 39 92 54 41 65 43 40 27 75 31 45 74 59 
29 29 31 88 94 17 68 95  0 84 24 20 13  9 58 66 91 46 76 58 25 59 50 73 17 53 60 84 61  9 37 81 44 98 40 58 29 21 94 33  3 66 80 68 74 54 68 38 56 72 39 48 29 85 61 58 62 66 16 94 
56 28 48 54 34 52 79 12 84  0 92 44 16 26  4  8 42  4 67  8 72 94 88 46  9 48 63 64 77 83 18 68 83 45 34 66 54 65 71 32 27 73 49 29 50  4 28 56 68 63 32 80 65 61 21 20 41 93 78 82 
36 49 17 57 20 42 51 81 24 92  0 80  6 21 91 46 19 10 11 90 47 69 24 73 42 14 54 18  5 87 37 73 88 57 46 30 14 76 85 33 80 51 52 79 75 81 22 16 55 51 21  3 94 29 32 77 92  2 49 28 
69 68 45 94 47 87 12 14 20 44 80  0 63 54 65 37 43  3 57 78 84 20 71  8 88 47 74 23 52 46 40 70 96 51 27 26 46 40 21 72 56  1 28 40 55 42 42 73 89 27 78 49 44 53 90 60 88 32 42 77 
 2 19  9 92 66 59 70 10 13 16  6 63  0 40  2 22  4 95 36 11 41 44 19 36 55 63  3 42 42 12 84 59 32 86 68  9 37 78 45 31 11 29 71 61  2 76 76 37 66 58 62  6 39 33 40 47 74 75 67 53 
33 93 48 92 53 85  4 23  9 26 21 54 40  0 31 76 99 25 59 46 27 51 62 28 46 25 52 58 75 58 54 25 32 41 38 71 11  8 29 32 45 98 86 18 45 82 43 15 32 95 86 85 51 78 44 41 85 30 29 58 
27 87 30 14 83 22 65 76 58  4 91 65  2 31  0 81 92 57 27 16 52 31 44 98 42 73 74 70 76 44 56 51 14 96 77 51 15 23  4 65 84 45 59 74 72 36 38 89 60 35 75 81 11 16 80 67 94 24 80 62 
50  2 96 88 90 66 35 44 66  8 46 37 22 76 81  0 74 26 44 70 32 93 83 47 43 49 55 45 10 42 19 64  6 76 53 81 46 32 38  1 95 29 65 67 23 82 30 74 55 56 42 13 83 33 15 28 77 15 42 42 
 1  6 98 34 65 68 61 82 91 42 19 43  4 99 92 74  0 47  2 54 39  8 89 90 93 48  4 65 64 54 31 82 64 52 22 63 66 15 66 22  9 42 92 10 40 85 79 24 21 74 53 32 71 71 45 61 63 41 86  7 
92 35 66 84 22 89 68 12 46  4 10  3 95 25 57 26 47  0 20 49 37 38 58 61 25 41 84  7 64 77 12 26 90 46 71 94 64 44 59  9 61 31 30 79  9 59 95 23 20 58 87 33 61 95 78  4 14 51 21 16 
95 89 56 23 42 79 65 14 76 67 11 57 36 59 27 44  2 20  0 92 11 29 15 93 47 42 72 62 46 74 50 43 74 39  5 75 87 78 68 98 18 44 46 35 81 35 39 20 58 73 80 100 90 69 43 94 90 26 78 10 
74 85 34  6 66 70 57 92 58  8 90 78 11 46 16 70 54 49 92  0 10 40 29 57 29  4 78 80 57 56 53 51  5 68 72 86 96 65 97 91 38 42 36  7 63  8 24 89 86 65 41 61 60 66  9 100 69 88 66 34 
60 52 55 27 11 40  3 52 25 72 47 84 41 27 52 32 39 37 11 10  0 19 74  9  3 100 56 48 50 89 69 87 83  7 11  9 46 20  3 62 32  1 70 65 98 53 83 60 37 82 76 75 55 68 22 33 97 94 26 38 
59 91 30 56 95 35 30 25 59 94 69 20 44 51 31 93  8 38 29 40 19  0 11 80 33  2 89 25 51 80 55 42 87 30 79 56 91 25 60 93 62 13 98 59  3 54 70 70 63 49  8 36  6 46 68 32 89 35 42 15 
66  5 11 35 13 43 36 82 50 88 24 71 19 62 44 83 89 58 15 29 74 11  0 58 87 11 29  8 59  6 54  5 56 52 33 18 62 85 84 33 50 73 29 80 42 22 39 12 10 14 65 86 52 26 41 68 98 65 62 66 
 8 46 80 41 100 78 83  8 73 46 73  8 36 28 98 47 90 61 93 57  9 80 58  0  9 38 69 38 86 84 87 11 100 59 82 32 74 66 100 35 19 98 44 91 78 45 59 71 46 63 19 38 16 79 57 94 25 26 48 84 
23 41  9 59 84  5 91 36 17  9 42 88 55 46 42 43 93 25 47 29  3 33 87  9  0 32  6 81 33 71 39 69 56 65 61 91 43 83 64 48 88 54 96 89 40 41 56 25 43 37 84 29 94 62 57 70 78 65 78  3 
46 94 19 61 84 24 92 73 53 48 14 47 63 25 73 49 48 41 42  4 100  2 11 38 32  0 13 34 45 16 59 88 88 81 75 49 76 70 55 54 48 87 79 27 84  5 57  7 73 94 61 94 34 38 96 70 49 51 65 93 
28 62  5 62 52 51 25  7 60 63 54 74  3 52 74 55  4 84 72 78 56 89 29 69  6 13  0 96 72 16  6 11  6 13 24 38 70 92 13 87 68 95 34 59 19 98 11 39 17 91  9 48 40  4 90 85 54 50 44 52 
22 51 60 45 11 80 77 69 84 64 18 23 42 58 70 45 65  7 62 80 48 25  8 38 81 34 96  0 33 89  5  9 40 57 95 85 10 34 75 90 16 15 15 70 47 86 67 83 37 74 86 80 62 25 17  6 63 81 79 81 
97 26  1 47 79 74 35  7 61 77  5 52 42 75 76 10 64 64 46 57 50 51 59 86 33 45 72 33  0 78 60 37 65 47 38 17 72 80 39 82 68 45 20 74 100 54 44 26 85 68 76 50 47 57 30 94 72 41  1 14 
76 59 56 77 20 46 56 99  9 83 87 46 12 58 44 42 54 77 74 56 89 80  6 84 71 16 16 89 78  0 35 71 62 74 56 98 42 10 45 24 21 23 27 70 27 30 25 42 73 25 100 82 24 16 43 80 49 86 44 31 
31 13 14 96 18 62 85 63 37 18 37 40 84 54 56 19 31 12 50 53 69 55 54 87 39 59  6  5 60 35  0 74 47 68 17 23 80 52 35 26 40 32 48 75 44 52 91 41 90 67 53 37 39 92 29  2 59 77 29  4 
85 97 97 48 43 42 30  1 81 68 73 70 59 25 51 64 82 26 43 51 87 42  5 11 69 88 11  9 37 71 74  0 98 76 48 10 27 74 45 87 75 87 59 76 13 97 39 80 18 11 86 14 59  8 56 47 17 66 23 56 
34 93 15 65 65 37 90 61 44 83 88 96 32 32 14  6 64 90 74  5 83 87 56 100 56 88  6 40 65 62 47 98  0  5 59 69 61 25 32 83 52 32  8 17 70 58 52 49 78 55  8 39 53 19  6 62  9  6 95 33 
23  6 66 93 86  7 44 41 98 45 57 51 86 41 96 76 52 46 39 68  7 30 52 59 65 81 13 57 47 74 68 76  5  0  3 30 92 85 59 23 19 68 73 47 13 75 20 49 79 16 61 65 89 32 70  7 20 25 52 26 
40 37 53 60 70 69 87 44 40 34 46 27 68 38 77 53 22 71  5 72 11 79 33 82 61 75 24 95 38 56 17 48 59  3  0 73 81 24 96 31 47  4 66 50 36 75 73 26 41 74 42 88 25 49 49 58 81 95 21 51 
58 39 97 26 54 16 93 34 58 66 30 26  9 71 51 81 63 94 75 86  9 56 18 32 91 49 38 85 17 98 23 10 69 30 73  0 79 28 58 71 15 13 45 76 92 55 26  2 76 88 82  6 55  5 73 39 80 15 33 67 
38 76 63 53 11 23 13 41 29 54 14 46 37 11 15 46 66 64 87 96 46 91 62 74 43 76 70 10 72 42 80 27 61 92 81 79  0 87 68 24 39 33 79  3 76 23 87 25 19 19 88 29 27 70 95 14 24 72 61 24 
68 56 39 66 47 67 22 96 21 65 76 40 78  8 23 32 15 44 78 65 20 25 85 66 83 70 92 34 80 10 52 74 25 85 24 28 87  0 45 26 53 97  1  7 80 50 36 22 69 43 45 54 20 98 43 80 29 81 92 74 
92 88 35 90 29 12 85  8 94 71 85 21 45 29  4 38 66 59 68 97  3 60 84 100 64 55 13 75 39 45 35 45 32 59 96 58 68 45  0 52 61 51 67 51 35 46 78 39 60 50 80 15 32 32 43 93 19 82 28 99 
29 33 56 37 99 60 92 10 33 32 33 72 31 32 65  1 22  9 98 91 62 93 33 35 48 54 87 90 82 24 26 87 83 23 31 71 24 26 52  0  3 55 37 35 11 60 24 48 57 41 79 76 17 39 47 16 68 39 56 19 
27 87 74 84 24 95 79 37  3 27 80 56 11 45 84 95  9 61 18 38 32 62 50 19 88 48 68 16 68 21 40 75 52 19 47 15 39 53 61  3  0 87 29 62  6 46 57 26 16 27 52 42 11 40 91  8 75 67 40 18 
 5 51 46 74  1 35 18 85 66 73 51  1 29 98 45 29 42 31 44 42  1 13 73 98 54 87 95 15 45 23 32 87 32 68  4 13 33 97 51 55 87  0 36 12 19  5 91 35 26 28 42  4 63 25 63  5 62  2 54 97 
99 78 38 36 36 98 86 78 80 49 52 28 71 86 59 65 92 30 46 36 70 98 29 44 96 79 34 15 20 27 48 59  8 73 66 45 79  1 67 37 29 36  0 99 12 84 99 31 93 60 27 82 44 93 15 75 85 93 10 58 
63 69 43 20 45 42 52 26 68 29 79 40 61 18 74 67 10 79 35  7 65 59 80 91 89 27 59 70 74 70 75 76 17 47 50 76  3  7 51 35 62 12 99  0 18  6 38 84 46 66 62 86 69 51 27 12 71 63  1 24 
 4 42 25 41 63  8 27 60 74 50 75 55  2 45 72 23 40  9 81 63 98  3 42 78 40 84 19 47 100 27 44 13 70 13 36 92 76 80 35 11  6 19 12 18  0 40 18 92 69 57 45 79 90 28 65 47 33 76  6 81 
87 65 24 36 68 19 15 11 54  4 81 42 76 82 36 82 85 59 35  8 53 54 22 45 41  5 98 86 54 30 52 97 58 75 75 55 23 50 46 60 46  5 84  6 40  0 52 81 59 65 82 49 23 70 55 37 14 14 56 51 
43 39 39 12 51 53 71 73 68 28 22 42 76 43 38 30 79 95 39 24 83 70 39 59 56 57 11 67 44 25 91 39 52 20 73 26 87 36 78 24 57 91 99 38 18 52  0  1 56  4 66 72 20 45 49 67 82  6 59 33 
92 18 79 98 84 73  1 39 38 56 16 73 37 15 89 74 24 23 20 89 60 70 12 71 25  7 39 83 26 42 41 80 49 49 26  2 25 22 39 48 26 35 31 84 92 81  1  0 47 18 37 35 23 19  5  5  2 51 28 53 
72 52 42 76 81  6  7 92 56 68 55 89 66 32 60 55 21 20 58 86 37 63 10 46 43 73 17 37 85 73 90 18 78 79 41 76 19 69 60 57 16 26 93 46 69 59 56 47  0 59 10 65 43 22 57 95 26 49 16 96 
63  5 66 86 28 76 25 54 72 63 51 27 58 95 35 56 74 58 73 65 82 49 14 63 37 94 91 74 68 25 67 11 55 16 74 88 19 43 50 41 27 28 60 66 57 65  4 18 59  0 51 21 22 32 32 97 94 14 73 82 
52 66 92 37 66 20  2 41 39 32 21 78 62 86 75 42 53 87 80 41 76  8 65 19 84 61  9 86 76 100 53 86  8 61 42 82 88 45 80 79 52 42 27 62 45 82 66 37 10 51  0 77 26 26 16 38 21  1 49 10 
72 52 44 43  2 41 80 65 48 80  3 49  6 85 81 13 32 33 100 61 75 36 86 38 29 94 48 80 50 82 37 14 39 65 88  6 29 54 15 76 42  4 82 86 79 49 72 35 65 21 77  0 21 47 39 98 54 23 43 63 
41 39 46 23  8  6 16 43 29 65 94 44 39 51 11 83 71 61 90 60 55  6 52 16 94 34 40 62 47 24 39 59 53 89 25 55 27 20 32 17 11 63 44 69 90 23 20 23 43 22 26 21  0 75 14 48 93  5 70 99 
77 16 45 56 11 31 38 40 85 61 29 53 33 78 16 33 71 95 69 66 68 46 26 79 62 38  4 25 57 16 92  8 19 32 49  5 70 98 32 39 40 25 93 51 28 70 45 19 22 32 26 47 75  0 53 49 51  2 16 91 
24 62 49 76 40 59 84 27 61 21 32 90 40 44 80 15 45 78 43  9 22 68 41 57 57 96 90 17 30 43 29 56  6 70 49 73 95 43 43 47 91 63 15 27 65 55 49  5 57 32 16 39 14 53  0  7  8 13 86 51 
62 39 19 56 81 43  9 75 58 20 77 60 47 41 67 28 61  4 94 100 33 32 68 94 70 70 85  6 94 80  2 47 62  7 58 39 14 80 93 16  8  5 75 12 47 37 67  5 95 97 38 98 48 49  7  0 72 52 93 74 
78 95 79  5 31 37 17 31 62 41 92 88 74 85 94 77 63 14 90 69 97 89 98 25 78 49 54 63 72 49 59 17  9 20 81 80 24 29 19 68 75 62 85 71 33 14 82  2 26 94 21 54 93 51  8 72  0 67 12 78 
72 60 55 95 80 20 92 45 66 93  2 32 75 30 24 15 41 51 26 88 94 35 65 26 65 51 50 81 41 86 77 66  6 25 95 15 72 81 82 39 67  2 93 63 76 14  6 51 49 14  1 23  5  2 13 52 67  0 35 15 
11 46 99 33 45 47 47 74 16 78 49 42 67 29 80 42 86 21 78 66 26 42 62 48 78 65 44 79  1 44 29 23 95 52 21 33 61 92 28 56 40 54 10  1  6 56 59 28 16 73 49 43 70 16 86 93 12 35  0  8 
33 64 37 95 46 64 49 59 94 82 28 77 53 58 62 42  7 16 10 34 38 15 66 84  3 93 52 81 14 31  4 56 33 26 51 67 24 74 99 19 18 97 58 24 81 51 33 53 96 82 10 63 99 91 51 74 78 15  8  0 
