facilities = 60 objectives = 2 max_distances = 100 max flows = 100 correlation = -0.800000 seed = 13709200
 0 48 84 17 82 91 95 43 93 98 66 45 98 33 45 18 56  1 30 48 10 60 91 62 36 50 90 90  3 87 98 30  8 56 29 37  1 58  2 49 24 90 54 77 52 36 44 42 33 73 47 53 89 96 51 54 15 58 16 58 
48  0 67 14 25 50 17 76 39 89 15 49 43 98 31 38 33  8  2  1 33 79 66 87 64 14 85 77 37 35 20 62 60 70 94 48 65 27 81 100 15 48 58 29 67  3 84 40 43 89 62 93 37 19 49 42 23 45 10 17 
84 67  0 46 43 51 48 29 69 27 88  7 77 42 11 61 100 96 57 89 88 93 35 52 61 83 44 25 24 30 99 56 81 59  4 43 11 14 79 17 86 20 87 11 10 83 79 90 79 49 27 40 98 44  2 90 80 94 44 51 
17 14 46  0 71  5 28 93 14 77 92 70 24 50 20 69 67 38 30  5 61 51 32 81 94 32  4 92 98 86 55 38 37 96 77 99 80 35 100 82 34 43 26 60 89 85 22 19 86 37 42 23 14 53 13 79 28 32 57 20 
82 25 43 71  0 97 27 62 57 14 93 50 49 15 57 78 22 28 49 36  9 63 64 100 69 20 92 74 80 49 41 68 91 51 90 67 84 10 98 31 82 95 97 87 36 23 16 33  6  9 97 86 87 15 28 76 69 42 16 16 
91 50 51  5 97  0 22 15 49 36 33 62 80 21 93 95 49 80 68 31 100 81 82 60 79 38 76 37 97 21 74 46 68  9 25 80  2  8  8 68 55 33 88 61  4 50 47 55 32  2 50  4  5 18 99 65 59 85  9 11 
95 17 48 28 27 22  0 86  8 53 90 38 65 68 98 41 16 95 52 94 82 45 14 94 98 81 98 16 36 47 37 66  9 10 66 97 78  2 43 29 70 35 95 24 53 83 11 100 37 63 22 42 94 58 14 82 85 93  9 27 
43 76 29 93 62 15 86  0 26 44 41 37 20 10 40 56 77 35 59 61  5 24 94 77 72 49 73 17 97 13 50 53 47 47  4 79 98  8 75 64 49 68 88 77 70 10 87 83 74 100 94 32 16 81 26 77 13 34 89 35 
93 39 69 14 57 49  8 26  0 75  7 67 22 28 41 60 80 88 10 48 64 97 74 86 67 30 46 90 56 24 82 15 46 71 79 73 64 79 22 37 96 87 47 73 67 79 85 80 39 82 58 66 90 91 56 46 42  8 72 26 
98 89 27 77 14 36 53 44 75  0 80 38 38 10 19 30 62 80 97 91 87 90  6 62 61 100 24 11  9 99 34 37 92 44 87 60 14 16 74  6 45 40 20 44 85 62 52 32 78  7 17 90 35 96 77 53 21 15 48 19 
66 15 88 92 93 33 90 41  7 80  0  3 96 53 46 79  3 10 75 72 84 41 17 60 69  4 96  1 21 20 51 71 71 67 31  4 20 33 27 34 52  9 78 59 89 99 18 17 28 77 52 84 29  2 57 67 34 92  8 46 
45 49  7 70 50 62 38 37 67 38  3  0 23 25 84 93 66  1 43 39 27 94 54 56 55 48 15 39 72 16 62 75 25 89 55  9 42 88 64 41 92 30 42 43 30 96 77 42 66 97 86 12 28 75  3 20 83 64 31 92 
98 43 77 24 49 80 65 20 22 38 96 23  0 62 58 11 77 29 55 48 45 93 17 18 98 81 27 56 31 29 76 56  9 13 68  9 77 77  9 40 56  9 57 32 40 36 28 97 89 73 48 41 10 86 72 61 52 11 28  6 
33 98 42 50 15 21 68 10 28 10 53 25 62  0 62  7 34 41  2 89 46 32 62 66 68 33 98  7 88 16  6 59 66 76 49 53 45 68 82 53 72 32 30 33 81 61  6 70 73 91 55 89 77  9 25 40  4 20 87 73 
45 31 11 20 57 93 98 40 41 19 46 84 58 62  0 43  4 90 36 36 58 72 44 72 41 69 18 15 66 74 32  1 23 80  2 98 92 34 95 60 41 100 67 87 95 50 19  1 51 20 20 88 90 23  7 36 100 70 24  1 
18 38 61 69 78 95 41 56 60 30 79 93 11  7 43  0 12 44 53 31 22 62 36  3 72 82 15 97 10 43 78 66 87 18 93  6 81 100 26 19  1 25 92 96 70 49 74 67 37 34 29 26 49 93 10 64  7 78 34 46 
56 33 100 67 22 49 16 77 80 62  3 66 77 34  4 12  0 27 84 60 79 71 27 77 100 38 10 62 87  8 94 74 42 24  2 37 14 10 28 34 66  1 34 20 74 69 29 65 82 30 41 43 30 18 40 52 27 52  1 77 
 1  8 96 38 28 80 95 35 88 80 10  1 29 41 90 44 27  0 79 34 17 75 80 82 46  1 65 82 38 62 26 77 35 18 18 52 97 74 50 28 78 98 82 34 20 33  1 43 43 92 84 64 70 26 84 43  3 57 34 75 
30  2 57 30 49 68 52 59 10 97 75 43 55  2 36 53 84 79  0 84 73 51 41 95 56 18 44 66 61 26 66 29 78 44 16 38 96  3 79  6 38 95 92 81 17 43 89 19 99 12  8 90 43 79  9 72 59 80 93 72 
48  1 89  5 36 31 94 61 48 91 72 39 48 89 36 31 60 34 84  0 99 28 66  6 34 78 91 15 38 37 67 67 14 57 86  3 25 63 56 21  4  9  1 54 80 24 26  5 49 58 39 51 13 92 72 15 43 89 60 46 
10 33 88 61  9 100 82  5 64 87 84 27 45 46 58 22 79 17 73 99  0 77 32  9 22  6 54 37  2 97 88 35 62 10 17 75 65 10 96 42 40 57 27 31 87 98 63 100 67 57 13 94 38 87 69 52  3 19 64 15 
60 79 93 51 63 81 45 24 97 90 41 94 93 32 72 62 71 75 51 28 77  0 98 88 41 67 96 40 59 41 29  8 58 39 57 88 99 98 18 38 32 63  9 38 85 30 20 56 26 68  4 35 81 88 13 41 40 91 86 16 
91 66 35 32 64 82 14 94 74  6 17 54 17 62 44 36 27 80 41 66 32 98  0 15 32 97  6 28 89 76 81 49 71 63  8  8 38 52 91 93 31 60 12 84  5  9 74 26 51 85 81 33 21 16 58 73 95 99 87  6 
62 87 52 81 100 60 94 77 86 62 60 56 18 66 72  3 77 82 95  6  9 88 15  0 71 93 77 56  3 85 83  4 99 20 17 67 11  9 48 41 40 72  2 33  3 42 21 74 79 74 88 83 25 65 77  2 14 42 96 26 
36 64 61 94 69 79 98 72 67 61 69 55 98 68 41 72 100 46 56 34 22 41 32 71  0 35 73 60 42 67 58 82 81 34 72  7 62 33 49 64 34 92 62 56 31 96 81 44 64 84 68 47 19 60 40  2 29 41 98 64 
50 14 83 32 20 38 81 49 30 100  4 48 81 33 69 82 38  1 18 78  6 67 97 93 35  0 15 11 61 56 83 76  9 42 75 10 73 26 64 52 20  2 48 84 94 10 57 10 66 49 18  9 63 87 62 24 49  6 97 37 
90 85 44  4 92 76 98 73 46 24 96 15 27 98 18 15 10 65 44 91 54 96  6 77 73 15  0 73 25 71 54 61 24 37 80 38 43 23 68 87 30 49 25 14 16 55  6 78 12 20 72 79 90 48 57 19 32 54  7 33 
90 77 25 92 74 37 16 17 90 11  1 39 56  7 15 97 62 82 66 15 37 40 28 56 60 11 73  0 76 13 91 86 49 23 64 33 85 73 71 16  2 78  8 76 62 36 47 14 73 11 52 45 96 85 21 30 61 47 63 20 
 3 37 24 98 80 97 36 97 56  9 21 72 31 88 66 10 87 38 61 38  2 59 89  3 42 61 25 76  0  2 52 50 50 47 22 13 88 70 12 67 93 69 55  5 80 43 81 76 44 54 15 86 42 14 40 66 18 50  6 43 
87 35 30 86 49 21 47 13 24 99 20 16 29 16 74 43  8 62 26 37 97 41 76 85 67 56 71 13  2  0 33 61 30 81 22 40 79 11 80 39  6 99 42 77 39  5  6  3 24 46 90 68 50 32 81 25  2 29 91 39 
98 20 99 55 41 74 37 50 82 34 51 62 76  6 32 78 94 26 66 67 88 29 81 83 58 83 54 91 52 33  0 88 51 36 51 33 63 32 24 70 57  7 96 13 23 19 53 60 96 21 52 12 29 35 52  8 13  5 26 46 
30 62 56 38 68 46 66 53 15 37 71 75 56 59  1 66 74 77 29 67 35  8 49  4 82 76 61 86 50 61 88  0 35 83 40 87 24 17 80 84 84 90 100 22  5 26 30 82 98 37 44 99 51 56 75 12 36  6 58 39 
 8 60 81 37 91 68  9 47 46 92 71 25  9 66 23 87 42 35 78 14 62 58 71 99 81  9 24 49 50 30 51 35  0 30 29 23 83 27 28 79 55 31 46  8 74 11  6 60 27 62 80 50 35 36  4 59 50 47  3  9 
56 70 59 96 51  9 10 47 71 44 67 89 13 76 80 18 24 18 44 57 10 39 63 20 34 42 37 23 47 81 36 83 30  0 84 83 84 46  9 21 73 31 100 75 51 61 27 89  7 18 60 94 95 54 30 10 43  4 20 41 
29 94  4 77 90 25 66  4 79 87 31 55 68 49  2 93  2 18 16 86 17 57  8 17 72 75 80 64 22 22 51 40 29 84  0 79 43 89 37 50 51 77  6 46 64 35 46 99 48 20 72 85 49 20 31 26 59 96 17 23 
37 48 43 99 67 80 97 79 73 60  4  9  9 53 98  6 37 52 38  3 75 88  8 67  7 10 38 33 13 40 33 87 23 83 79  0 18 46 86 66 44 65 78 50 47 41 34 15 59 58 79 51 63 31 26 11 11 80 71 52 
 1 65 11 80 84  2 78 98 64 14 20 42 77 45 92 81 14 97 96 25 65 99 38 11 62 73 43 85 88 79 63 24 83 84 43 18  0 25 57 37 23 73 82 57 79 25 24 15 46 59 44 91 38 91 43 85 32 21 81 70 
58 27 14 35 10  8  2  8 79 16 33 88 77 68 34 100 10 74  3 63 10 98 52  9 33 26 23 73 70 11 32 17 27 46 89 46 25  0 52 53  9 29 81 98 77 99 90 54  6 24 31 73 67 90 24 81 69 70 30 55 
 2 81 79 100 98  8 43 75 22 74 27 64  9 82 95 26 28 50 79 56 96 18 91 48 49 64 68 71 12 80 24 80 28  9 37 86 57 52  0 73 80  4 45 84 44 74 86 79 88 30 51  7 42 97 51  4 22 49  4 100 
49 100 17 82 31 68 29 64 37  6 34 41 40 53 60 19 34 28  6 21 42 38 93 41 64 52 87 16 67 39 70 84 79 21 50 66 37 53 73  0 49 100 48 46 76 19 84 52  4 46 70 71 72 67 46 21 22  1  6 84 
24 15 86 34 82 55 70 49 96 45 52 92 56 72 41  1 66 78 38  4 40 32 31 40 34 20 30  2 93  6 57 84 55 73 51 44 23  9 80 49  0 58 14 70 94 68 45 20 98  8 31  6 13 85 19 26  2 59 94 43 
90 48 20 43 95 33 35 68 87 40  9 30  9 32 100 25  1 98 95  9 57 63 60 72 92  2 49 78 69 99  7 90 31 31 77 65 73 29  4 100 58  0 15 25 43 99 31 32 55 60 36 72 99 27 25 85 40 29 49 41 
54 58 87 26 97 88 95 88 47 20 78 42 57 30 67 92 34 82 92  1 27  9 12  2 62 48 25  8 55 42 96 100 46 100  6 78 82 81 45 48 14 15  0 80 58 40 44 42 60 56 11 16 88 79 84 70  2 31 30 29 
77 29 11 60 87 61 24 77 73 44 59 43 32 33 87 96 20 34 81 54 31 38 84 33 56 84 14 76  5 77 13 22  8 75 46 50 57 98 84 46 70 25 80  0 14  7  6 59 72 98 48 33 54 19 70 94 47 78 82 44 
52 67 10 89 36  4 53 70 67 85 89 30 40 81 95 70 74 20 17 80 87 85  5  3 31 94 16 62 80 39 23  5 74 51 64 47 79 77 44 76 94 43 58 14  0 83 69 47 33 85 34 72 99 22 100 38 26 62 16 93 
36  3 83 85 23 50 83 10 79 62 99 96 36 61 50 49 69 33 43 24 98 30  9 42 96 10 55 36 43  5 19 26 11 61 35 41 25 99 74 19 68 99 40  7 83  0 58 42 42 59 10 26  1 42 53 10 48  1 19 78 
44 84 79 22 16 47 11 87 85 52 18 77 28  6 19 74 29  1 89 26 63 20 74 21 81 57  6 47 81  6 53 30  6 27 46 34 24 90 86 84 45 31 44  6 69 58  0 53 63 95 71 59 39 51 35 65 97 86 40 42 
42 40 90 19 33 55 100 83 80 32 17 42 97 70  1 67 65 43 19  5 100 56 26 74 44 10 78 14 76  3 60 82 60 89 99 15 15 54 79 52 20 32 42 59 47 42 53  0  7  4 57 85 100 63 80 44 95 40 50 66 
33 43 79 86  6 32 37 74 39 78 28 66 89 73 51 37 82 43 99 49 67 26 51 79 64 66 12 73 44 24 96 98 27  7 48 59 46  6 88  4 98 55 60 72 33 42 63  7  0 91 41 92  9 98 89 74 60 22 18 87 
73 89 49 37  9  2 63 100 82  7 77 97 73 91 20 34 30 92 12 58 57 68 85 74 84 49 20 11 54 46 21 37 62 18 20 58 59 24 30 46  8 60 56 98 85 59 95  4 91  0 96 60 91 97 68 10 67 20  5 11 
47 62 27 42 97 50 22 94 58 17 52 86 48 55 20 29 41 84  8 39 13  4 81 88 68 18 72 52 15 90 52 44 80 60 72 79 44 31 51 70 31 36 11 48 34 10 71 57 41 96  0 82 23 99 17 84 46 44 28 70 
53 93 40 23 86  4 42 32 66 90 84 12 41 89 88 26 43 64 90 51 94 35 33 83 47  9 79 45 86 68 12 99 50 94 85 51 91 73  7 71  6 72 16 33 72 26 59 85 92 60 82  0 19 73 52 22 37 50 67 46 
89 37 98 14 87  5 94 16 90 35 29 28 10 77 90 49 30 70 43 13 38 81 21 25 19 63 90 96 42 50 29 51 35 95 49 63 38 67 42 72 13 99 88 54 99  1 39 100  9 91 23 19  0 17 33 77 92 70 61  4 
96 19 44 53 15 18 58 81 91 96  2 75 86  9 23 93 18 26 79 92 87 88 16 65 60 87 48 85 14 32 35 56 36 54 20 31 91 90 97 67 85 27 79 19 22 42 51 63 98 97 99 73 17  0 24 65 56 14 99 28 
51 49  2 13 28 99 14 26 56 77 57  3 72 25  7 10 40 84  9 72 69 13 58 77 40 62 57 21 40 81 52 75  4 30 31 26 43 24 51 46 19 25 84 70 100 53 35 80 89 68 17 52 33 24  0 37 46  6 71 61 
54 42 90 79 76 65 82 77 46 53 67 20 61 40 36 64 52 43 72 15 52 41 73  2  2 24 19 30 66 25  8 12 59 10 26 11 85 81  4 21 26 85 70 94 38 10 65 44 74 10 84 22 77 65 37  0  6 57 75 48 
15 23 80 28 69 59 85 13 42 21 34 83 52  4 100  7 27  3 59 43  3 40 95 14 29 49 32 61 18  2 13 36 50 43 59 11 32 69 22 22  2 40  2 47 26 48 97 95 60 67 46 37 92 56 46  6  0 81 18 28 
58 45 94 32 42 85 93 34  8 15 92 64 11 20 70 78 52 57 80 89 19 91 99 42 41  6 54 47 50 29  5  6 47  4 96 80 21 70 49  1 59 29 31 78 62  1 86 40 22 20 44 50 70 14  6 57 81  0 62 83 
16 10 44 57 16  9  9 89 72 48  8 31 28 87 24 34  1 34 93 60 64 86 87 96 98 97  7 63  6 91 26 58  3 20 17 71 81 30  4  6 94 49 30 82 16 19 40 50 18  5 28 67 61 99 71 75 18 62  0  2 
58 17 51 20 16 11 27 35 26 19 46 92  6 73  1 46 77 75 72 46 15 16  6 26 64 37 33 20 43 39 46 39  9 41 23 52 70 55 100 84 43 41 29 44 93 78 42 66 87 11 70 46  4 28 61 48 28 83  2  0 

 0 70 95 63 30 64 15 70  3 85 22 45 29 50 82 52 79 40 39 49 31 70 85 76  8  1 87 47 25 17 97 28 94  1 72 21 71 51 41 82 30 71 30 88 34 68 59 85  3 87 80 58 42 44 53 44 96 78 67  3 
70  0 16 81  9 50 71 76 78  9 66 38 92 31 11 95 73 23 37 39 49 42 51 74 73 67 95 21 72 99  9 67 34 15 68 97 66 87 67  2 74 39 21 72 68 55  7 20 22 54 38  9 59 50 77 56 45 95 99 17 
95 16  0 25 77 65 59 43  3 32 61 86 28 68 30 93 55 83 63 73  5 40 21 36 90 94 93 43 66 58 97 95 49 67 90  8 54 91 33 53 88 75 92 96 97  6 85 20 14  5 70 37 89  6 34 29 25 70 44 29 
63 81 25  0 95 82 85 74 34 70 74 66 70  4 33  1  9 29 40 19 97 11 41 13 55 94 80 61 13  2 65 50 89 94 17  8 71 56 34 24 78 40 65 73 49 17 48 14 92 38 68 89 27 31 72  5 55  6 68 39 
30  9 77 95  0 75 68 95 92 64 25 44 68 54 97 100 89 78 87 23  7 14  2 21 23 95 48 33 75 85 59 57 56 35 48 15  7 66 86 87  1 87 51 15 14 75 29 18 97 87 45 68  4 89  1 55 97 31 32 92 
64 50 65 82 75  0 76 50  6 91 58 50 92  7  5 77 83 93 11 86 32  6 93 27 39 33 76 18  9 63 31 82 81 94 39 58 35  8 56 81 48 70 81 79 34 59 50 13 50 31  1 71 80 78 76 72 50 84 95 49 
15 71 59 85 68 76  0 29 65 79 83 33 38 34 52 96 93 93 29 88 57 44 25 42 82 26 72 33 27 96 67 75  9 50 27 50 56 38 17 20 32 35 31 15 69 36 17 92 81 11 57 60 18  4 47 96 51 13 19 76 
70 76 43 74 95 50 29  0 68 51 94 33 92 63 67 22 86 15 64 49 98 45 35 62  3 98 54 74  6 18  3 88 39  7  9  3 64 56 36  6 62 31 99 73 34 38 38 28 75 56 32 61 78 38 55 16 63 53  8 92 
 3 78  3 34 92  6 65 68  0 39  5 50 62 22  8  9 52 36 13 18 83 79 85 50 14  2 87 87 18 25 91 80 31 18 31 36  1 89 22 95 88 38 46 71  6 81 18 16 92 58 55 70 12 66 36 15 51 49  7 23 
85  9 32 70 64 91 79 51 39  0 49 23 27  5 35 23  9 72 28 35  3 44 100 71 62  4 79 88 68  3 52 58 68 89 91 98 10 84 10 28 62 13 28 24 33  7 53 78 54 10 96 78 62 64 24 13 74 83 80 65 
22 66 61 74 25 58 83 94  5 49  0 98 75 78 27 21 10 72 30 100 96 30 65 87 66 43 49 49 66 99 94 50 56 23 89 18 30 81  5 49 62 86 62 65 41 77 48 69 68 39 73 23 25 81 88 89 59 43 100 91 
45 38 86 66 44 50 33 33 50 23 98  0 90 80 58 61 95 63 25 54 85  1 19 45  2 72  3 45 58 27  3 63 10 74  9 10 94 70  1 86  8 37 85 34 15 46 49 40 80 40 40  7 90  8 65 31 98 46 66 48 
29 92 28 70 68 92 38 92 62 27 75 90  0 63 84 29 97 14 67 12 48 30 91 91 33 16 54 34 41 100 84 73 16 29  7 36 64 75 89 72 24 75 77 26 15 33 10 82 48 100 49  1 71 96  1 39 44 49 84 38 
50 31 68  4 54  7 34 63 22  5 78 80 63  0 95 95 12 35 29 65 19 99 42  2  1 13 95 36 39 69 73 80  9 16 54 79 99 18 13 19 87  9 59 14 74  5 24 45 64 11 13 42 36 63 17 26 95 89 41 85 
82 11 30 33 97  5 52 67  8 35 27 58 84 95  0 19 31 45  2 47 77 16 60 44 91 90 15 86 62 42 12 73 71 70 58 34 70 91 14 38 91 48 44 52 19 58 87 46 41 81  7 19 28 82 10 50  4 48 16 53 
52 95 93  1 100 77 96 22  9 23 21 61 29 95 19  0 64 86 52 68 86  2 14 42  9 25 21 74 86 97 59 86 94 83  4 47 95  9 96 95 73 33 48 42 43 44 60 30 100  4 79 61 99 94 71 25 11 57 41 53 
79 73 55  9 89 83 93 86 52  9 10 95 97 12 31 64  0 65 85 50 28 67 90 95  1 15 36 86 44 89 10 46 100 22  6 51 63 15 74 24 74 69 100 16 58  2 36 68 74 98 47 81 10 73 95 64 29 39 36 39 
40 23 83 29 78 93 93 15 36 72 72 63 14 35 45 86 65  0 49 41 14 48 51 29 36 44 88 96 92 10 63 78  4 54 49 17 46 31 63 14 30 41 63 10 53 69 67 98 70  9  2  8  2 94 96 43 59 25 77 92 
39 37 63 40 87 11 29 64 13 28 30 25 67 29  2 52 85 49  0 83 98 64 59 24  9 44 23 70 77 37 43 60 61 52 35 79 57  2 67 73 47 54 37 97 99 30 41 44  8 24 48 74 42 67 45 14 58 19 57 25 
49 39 73 19 23 86 88 49 18 35 100 54 12 65 47 68 50 41 83  0 11 60 13 53 21 79 36 11 11 69 52 20 67  2 31 66 87 38  4 66 85 57 71 42 59  1 57 96 45 56 11 78 39 61 28 75 10 78 82 25 
31 49  5 97  7 32 57 98 83  3 96 85 48 19 77 86 28 14 98 11  0 16 16 20 22 64  4 61 28 47 62 96 63 77 42 10 19 51 73 54 14 67 46 55 88  6 79 87 71 57 79 69 31  6 17 91 61 94 37 82 
70 42 40 11 14  6 44 45 79 44 30  1 30 99 16  2 67 48 64 60 16  0 98 20 54 18  2 61 26 52 77  2 67 47 42 72 50 84 93 83 90 45 47  7 16 65 33 36 47 17 24 14  5 20  7 52 50 95 42 39 
85 51 21 41  2 93 25 35 85 100 65 19 91 42 60 14 90 51 59 13 16 98  0 61 36 48 91  8 97 51  7 38 27 74 64 37 36 25 52 60 39 74  2 82 100 95 12 93 58 62  2 63 20 22 57  7 19 50 55 68 
76 74 36 13 21 27 42 62 50 71 87 45 91  2 44 42 95 29 24 53 20 20 61  0 24 65 48 80 35 26 21 81 79 49 77 96  5 40 57 44 13 27 28 15 28 36  9 52  8 41 57 94 13 27 94 52 47 48 75 52 
 8 73 90 55 23 39 82  3 14 62 66  2 33  1 91  9  1 36  9 21 22 54 36 24  0 14 89 37 11 64  2 88 87  8 87 10 70 26 91 26 62 35 82 64 94 85 88 58 19 45 49 11 56 57 38 86 50 99 51 98 
 1 67 94 94 95 33 26 98  2  4 43 72 16 13 90 25 15 44 44 79 64 18 48 65 14  0 89 44 97 79 95 16 16 55 17 66 20 65 11 43 14 74 64 20 59 58  2  3 73 28 51 44 80 17 36 35 99 80 20 82 
87 95 93 80 48 76 72 54 87 79 49  3 54 95 15 21 36 88 23 36  4  2 91 48 89 89  0  1 67 87  5 10 24 47 79  2  7 36 75 54  8  9 42 15 50 38 37 76 37 37 60 88 25 18 11 39 97 94 76 98 
47 21 43 61 33 18 33 74 87 88 49 45 34 36 86 74 86 96 70 11 61 61  8 80 37 44  1  0 75 93 75 13 83 29 21 77 48 23 19 63 61 21 77 54 17  8 23 30 53 81 47 84 71 30 35 72 46 93 26 93 
25 72 66 13 75  9 27  6 18 68 66 58 41 39 62 86 44 92 77 11 28 26 97 35 11 97 67 75  0 45 32 25 76 96 94 20 89 49 71 10 46  8 56 39 35 80 64  5 19 33 35 25 48 63 24  8 68 80 48 32 
17 99 58  2 85 63 96 18 25  3 99 27 100 69 42 97 89 10 37 69 47 52 51 26 64 79 87 93 45  0 49 27 55 21 96 22 47  7 46 68 97 26 89 80  4 37 61 66 63 27  8 69 26 40 63 62 79 51 92 73 
97  9 97 65 59 31 67  3 91 52 94  3 84 73 12 59 10 63 43 52 62 77  7 21  2 95  5 75 32 49  0 34 19 69 16 13 31 17 46 34 83 21 66  4  6 99 60 66 93 100 38 39 57 29 26 12 22 19 79  6 
28 67 95 50 57 82 75 88 80 58 50 63 73 80 73 86 46 78 60 20 96  2 38 81 88 16 10 13 25 27 34  0 41  2 99 17 79 58 41 23 93 11 97 83 29 26  2 60 76 26 52 61 10 82 26 60 51 18 48 17 
94 34 49 89 56 81  9 39 31 68 56 10 16  9 71 94 100  4 61 67 63 67 27 79 87 16 24 83 76 55 19 41  0 65  3 44 96 57 78 90 44 63  4 27 40  7 87 32 56 44 23 64 10  1 29 37 33 24 73 41 
 1 15 67 94 35 94 50  7 18 89 23 74 29 16 70 83 22 54 52  2 77 47 74 49  8 55 47 29 96 21 69  2 65  0 25 81 12 29 83 35 52 89 77  2 90 27  2 50 47  7 48 62 68 28 36  2 98 63 74 55 
72 68 90 17 48 39 27  9 31 91 89  9  7 54 58  4  6 49 35 31 42 42 64 77 87 17 79 21 94 96 16 99  3 25  0  9 62 55 56 92 84 50 87 70 85 19 11 71 68 29 37 96 81 39 55 33 65 46 14 21 
21 97  8  8 15 58 50  3 36 98 18 10 36 79 34 47 51 17 79 66 10 72 37 96 10 66  2 77 20 22 13 17 44 81  9  0  3  6 49 80 87 11 21 59 90 71 98 24 85  9 49 57 88 11 77 53  7 58 62 57 
71 66 54 71  7 35 56 64  1 10 30 94 64 99 70 95 63 46 57 87 19 50 36  5 70 20  7 48 89 47 31 79 96 12 62  3  0 97 78 75 68 67 38 24 40 79 98 38 78 49 76 34 71 19 41 64 22 52 27 49 
51 87 91 56 66  8 38 56 89 84 81 70 75 18 91  9 15 31  2 38 51 84 25 40 26 65 36 23 49  7 17 58 57 29 55  6 97  0  2 43 18 52 16 19 16 66 31 77 84 42 90 87 36  8 54 87 84 39 99 52 
41 67 33 34 86 56 17 36 22 10  5  1 89 13 14 96 74 63 67  4 73 93 52 57 91 11 75 19 71 46 46 41 78 83 56 49 78  2  0 100 92 55 72 76 29 71 63 56 75 77 70 78 42 46 34 13  7 95 81 14 
82  2 53 24 87 81 20  6 95 28 49 86 72 19 38 95 24 14 73 66 54 83 60 44 26 43 54 63 10 68 34 23 90 35 92 80 75 43 100  0 24 11 42 74 93 31 50 94 65  8  7 88 24 76 35 66 82 82 78 79 
30 74 88 78  1 48 32 62 88 62 62  8 24 87 91 73 74 30 47 85 14 90 39 13 62 14  8 61 46 97 83 93 44 52 84 87 68 18 92 24  0  4 52 57 42  7 42 31 57 92 88 35 42  4 44 67 51 52 92 96 
71 39 75 40 87 70 35 31 38 13 86 37 75  9 48 33 69 41 54 57 67 45 74 27 35 74  9 21  8 26 21 11 63 89 50 11 67 52 55 11  4  0 37 64 53  1 21 20 94 21 75 84 87 28 58 35 41 97 27 45 
30 21 92 65 51 81 31 99 46 28 62 85 77 59 44 48 100 63 37 71 46 47  2 28 82 64 42 77 56 89 66 97  4 77 87 21 38 16 72 42 52 37  0 99 71 88 40 71  8 95 59 93 16 57 18 88  4 60 88 17 
88 72 96 73 15 79 15 73 71 24 65 34 26 14 52 42 16 10 97 42 55  7 82 15 64 20 15 54 39 80  4 83 27  2 70 59 24 19 76 74 57 64 99  0 39 35 77 87 71 41 32  2 64 23 82 61 50 47 70 44 
34 68 97 49 14 34 69 34  6 33 41 15 15 74 19 43 58 53 99 59 88 16 100 28 94 59 50 17 35  4  6 29 40 90 85 90 40 16 29 93 42 53 71 39  0 43 96 15 55 21 60 80 48 74 97 97 96 36 96 18 
68 55  6 17 75 59 36 38 81  7 77 46 33  5 58 44  2 69 30  1  6 65 95 36 85 58 38  8 80 37 99 26  7 27 19 71 79 66 71 31  7  1 88 35 43  0 36 11 82  6 47 20 82 97 54 16 48 52 21 36 
59  7 85 48 29 50 17 38 18 53 48 49 10 24 87 60 36 67 41 57 79 33 12  9 88  2 37 23 64 61 60  2 87  2 11 98 98 31 63 50 42 21 40 77 96 36  0 23  5 26 52  2 61 18 62 88 55 66 98 60 
85 20 20 14 18 13 92 28 16 78 69 40 82 45 46 30 68 98 44 96 87 36 93 52 58  3 76 30  5 66 66 60 32 50 71 24 38 77 56 94 31 20 71 87 15 11 23  0 11 56 60 45 56 53 46 28 50 38 84 27 
 3 22 14 92 97 50 81 75 92 54 68 80 48 64 41 100 74 70  8 45 71 47 58  8 19 73 37 53 19 63 93 76 56 47 68 85 78 84 75 65 57 94  8 71 55 82  5 11  0 12 99 58 98 52 22 64 96 51 55 42 
87 54  5 38 87 31 11 56 58 10 39 40 100 11 81  4 98  9 24 56 57 17 62 41 45 28 37 81 33 27 100 26 44  7 29  9 49 42 77  8 92 21 95 41 21  6 26 56 12  0 80 58  5 69  5 30 77 83 29 58 
80 38 70 68 45  1 57 32 55 96 73 40 49 13  7 79 47  2 48 11 79 24  2 57 49 51 60 47 35  8 38 52 23 48 37 49 76 90 70  7 88 75 59 32 60 47 52 60 99 80  0 11 81 22 35 75 46 16 99  3 
58  9 37 89 68 71 60 61 70 78 23  7  1 42 19 61 81  8 74 78 69 14 63 94 11 44 88 84 25 69 39 61 64 62 96 57 34 87 78 88 35 84 93  2 80 20  2 45 58 58 11  0 15 89 40 56 26 98 26 99 
42 59 89 27  4 80 18 78 12 62 25 90 71 36 28 99 10  2 42 39 31  5 20 13 56 80 25 71 48 26 57 10 10 68 81 88 71 36 42 24 42 87 16 64 48 82 61 56 98  5 81 15  0 14 21  6 95 44 34 70 
44 50  6 31 89 78  4 38 66 64 81  8 96 63 82 94 73 94 67 61  6 20 22 27 57 17 18 30 63 40 29 82  1 28 39 11 19  8 46 76  4 28 57 23 74 97 18 53 52 69 22 89 14  0 79 47 32 98 28 27 
53 77 34 72  1 76 47 55 36 24 88 65  1 17 10 71 95 96 45 28 17  7 57 94 38 36 11 35 24 63 26 26 29 36 55 77 41 54 34 35 44 58 18 82 97 54 62 46 22  5 35 40 21 79  0 78 15 69 39 87 
44 56 29  5 55 72 96 16 15 13 89 31 39 26 50 25 64 43 14 75 91 52  7 52 86 35 39 72  8 62 12 60 37  2 33 53 64 87 13 66 67 35 88 61 97 16 88 28 64 30 75 56  6 47 78  0 100 84 84 54 
96 45 25 55 97 50 51 63 51 74 59 98 44 95  4 11 29 59 58 10 61 50 19 47 50 99 97 46 68 79 22 51 33 98 65  7 22 84  7 82 51 41  4 50 96 48 55 50 96 77 46 26 95 32 15 100  0 49 26 63 
78 95 70  6 31 84 13 53 49 83 43 46 49 89 48 57 39 25 19 78 94 95 50 48 99 80 94 93 80 51 19 18 24 63 46 58 52 39 95 82 52 97 60 47 36 52 66 38 51 83 16 98 44 98 69 84 49  0 23 56 
67 99 44 68 32 95 19  8  7 80 100 66 84 41 16 41 36 77 57 82 37 42 55 75 51 20 76 26 48 92 79 48 73 74 14 62 27 99 81 78 92 27 88 70 96 21 98 84 55 29 99 26 34 28 39 84 26 23  0 89 
 3 17 29 39 92 49 76 92 23 65 91 48 38 85 53 53 39 92 25 25 82 39 68 52 98 82 98 93 32 73  6 17 41 55 21 57 49 52 14 79 96 45 17 44 18 36 60 27 42 58  3 99 70 27 87 54 63 56 89  0 

 0 55 13 29 83 28 86 25 82  1 82 28 69 50 18 54  7 70 59 50 75 37  8 17 96 92 21 54 81 69 12 66 15 96 27 88 25 43 80 15 76 19 57 12 73 32 40 15 87 11 23 49 50 61 57 81 11 19 18 94 
55  0 89 42 88 45 43 13 16 99 39 46 16 86 92  8 33 76 61 83 49 60 34 34 11 48  9 87 24  5 86 39 53 77 37  7 37 20 41 99 45 50 76 42 44 46 84 73 69 50 57 99 49 65 28 50 46 19  2 82 
13 89  0 80 15 30 36 66 92 71 37 11 79 30 60  5 33 30 56 29 97 82 74 63 22 23 20 36 49 47 25  6 71 22 26 83 49  8 81 28 15 16 20 10 17 84 15 57 100 79 32 60 16 95 55 50 89 42 49 74 
29 42 80  0 32 11 17 24 72 32 38 37 38 92 59 98 97 64 59 73  9 90 70 70 27 11 24 40 86 98 33 49 13 14 95 82 22 53 64 52 25 59 26 29 53 85 74 87  5 61 44 17 69 88 32 84 38 90 55 62 
83 88 15 32  0 20 24 14  6 29 60 44 31 31 10  5  3 15 17 71 92 94 82 68 86  9 54 68 26 19 30 37 48 56 49 82 83 38 17 10 90 22 45 83 99 24 69 86 19 21 52 32 100 45 99 41  9 96 79 14 
28 45 30 11 20  0 22 38 75 14 36 73  1 99 87 32 37 14 91 19 56 79 12 80 58 67 37 83 84 11 66 12 25 12 75 34 77 88 23 31 43  8  9 36 69 37 67 86 40 78 100 27 15 39 46 23 62 16  2 55 
86 43 36 17 24 22  0 85 20 18 31 45 65 65 77  3  8  9 72  1 46 57 70 62 14 88 25 70 62 23 14  7 79 62 95 31 39 56 77 100 52 93 64 90 36 62 92 18 16 99 42 37 85 89 46 15 53 85 69 31 
25 13 66 24 14 38 85  0 37 47  3 58  6 35 34 68  3 73 50 43  5 56 64 41 95  8 48 42 93 64 92 10 50 83 85 90 27 33 70 92 53 80  2 37 65 62 66 73 23 39 54 46 32 73 34 90 27 50 77 16 
82 16 92 72  6 75 20 37  0 57 88 30 22 85 94 90 53 72 81 87 12 17 18 53 70 91  9 35 79 59 15 27 57 68 77 88 78 27 54 19  3 60 59 37 97 35 94 72 14 48 41 29 91 26 51 98 46 48 100 86 
 1 99 71 32 29 14 18 47 57  0 45 64 73 99 64 88 87 24 84 71 100 60  6 34 39 93 31 12 32 92 67 53 23  3 31 17 94 19 84 42 34 89 86 75 57 79 57 24 50 95  1 35 27 31 65 89 21 19 20 27 
82 39 37 38 60 36 31  3 88 45  0  4 28 23 65 47 81 27 77  9  2 90 38  7 33 61 46 55 43  8  5 55 46 73  5 95 80 27 77 52 24 13 39 37 51 21 58 34 37 78 19 61 93 25  6 38 24 62  2 15 
28 46 11 37 44 73 45 58 30 64  4  0 17 33 64 45 16 49 65 37 21 97 79 60 97 43 90 80 31 74 90 25 93 30 95 79 15 41 95 25 74 75 15 64 67 45 54 48 16 50 54 100 17 90 39 68 12 56 43 59 
69 16 79 38 31  1 65  6 22 73 28 17  0 45  5 78  8 89 25 82 53 62  4  7 86 95 46 57 56  3 21 22 97 79 74 55 19 30  1 31 56 39 32 62 85 62 86 18 46  7 59 88 25  5 86 45 73 52 21 60 
50 86 30 92 31 99 65 35 85 99 23 33 45  0 11 17 86 72 60 22 84  4 47 88 94 89 11 44 62 38 45 11 90 91 50 10  6 78 73 70  9 98 38 89 39 100 79 55 24 100 93 56 54 30 88 87 18 10 69 17 
18 92 60 59 10 87 77 34 94 64 65 64  5 11  0 92 79 60 70 54 11 89 43 48 18  8 91 22 34 58 79 34 38 29 47 60 30 16 76 68  5 68 55 54 80 33 15 48 77 22 84 77 70 29 85 47 94 48 89 25 
54  8  5 98  5 32  3 68 90 88 47 45 78 17 92  0 37  5 56 27 17 90 73 44 89 79 83 28 14  4 32 24 28 24 97 50 13 84 13  4 20 51 58 44 83 54 47 71  2 81 24 33 20  6 40 63 89 40 47 56 
 7 33 33 97  3 37  8  3 53 87 81 16  8 86 79 37  0 43 26 46 83 28  7 11 90 91 77 32 54 24 97 66  5 78 83 39 47 84 35 76 30 20  7 81 51 88 66 43 42  8 51  8 87 28  7 33 61 59 68 60 
70 76 30 64 15 14  9 73 72 24 27 49 89 72 60  5 43  0 40 74 82 56 43 68 62 47 10  6 22 100 40 22 87 28 57 91 74 72 42 82 72 64 41 79 43 27 45 11 33 89 91 97 88  8  7 72 57 70 34 11 
59 61 56 59 17 91 72 50 81 84 77 65 25 60 70 56 26 40  0 21 16 35 15 99 80 71 78  7 26 61 56 53 39 66 81 17 50 97 17 32 45 29 72  3 24 75 60 53 100 94 74 30 55 23 54 88 44 96 37 64 
50 83 29 73 71 19  1 43 87 71  9 37 82 22 54 27 46 74 21  0 88 51 74 32 92 22 68 86 90 31 34 80 26 93 68 46 12 60 79 35 23 45 64 66 51 91 45 14 50 60 93 23 61 36 73 35 86 26 11 80 
75 49 97  9 92 56 46  5 12 100  2 21 53 84 11 17 83 82 16 88  0 79 83 87 83 50 82 63 59 63 47  6 42 20 70 79 74 55 10 51 86 30 75 37  8 97 18 17 27 30 16 20 64 95 90  6 43 19 70 24 
37 60 82 90 94 79 57 56 17 60 90 97 62  4 89 90 28 56 35 51 79  0  2 57 41 80 91 26 78 49 23 86 27 54 60 34 55 14  3 12 10 38 36 96 93 48 69 65 60 84 70 91 96 81 98 68 53  2 55 72 
 8 34 74 70 82 12 70 64 18  6 38 79  4 47 43 73  7 43 15 74 83  2  0 37 57 42 12 71 14 28 82 81 77 31 36 75 73 80 49 38 63 34 75 13 16 21 91  1 22 28 91 25 75 76 41 92 61 44 58 29 
17 34 63 70 68 80 62 41 53 34  7 60  7 88 48 44 11 68 99 32 87 57 37  0 76 32 52 12 76 69 74 26 19 43 12  3 91 59 56 57 99 71 78 84 72 70 73 45 88 69 50  1 87 63  9 48 65 40 22 58 
96 11 22 27 86 58 14 95 70 39 33 97 86 94 18 89 90 62 80 92 83 41 57 76  0 80 21 67 75 44 95 20 14 98 26 88 43 80 18 68 42 71  6 27 17  5  3 39 72 62 56 75 14 31 71  4 29  1 58 10 
92 48 23 11  9 67 88  8 91 93 61 43 95 89  8 79 91 47 71 22 50 80 42 32 80  0 26 45  3 50 27 83 81 51 84 25 66 33 93 68 97 36 24 69 47 37 92 99 35 88 52 61 36 92 47 75  2 11 97 23 
21  9 20 24 54 37 25 48  9 31 46 90 46 11 91 83 77 10 78 68 82 91 12 52 21 26  0 90 11 28 89 93 70 58 31 96 90 65 12 45 78 92 61 89 64 47 70 35 55 48 41 17 64 78 78 69  6 20 15  4 
54 87 36 40 68 83 70 42 35 12 55 80 57 44 22 28 32  6  7 86 63 26 71 12 67 45 90  0 17 16 14 60 24 66 91 26 77 65 98 26 43 86 30 47 78 67 68 49 46 19 47 11 31 72 71 27 51 19 67  1 
81 24 49 86 26 84 62 93 79 32 43 31 56 62 34 14 54 22 26 90 59 78 14 76 75  3 11 17  0 55 66 87 26 11 13 70 17 41 45 91 51 90 32 63 68  5 11 88 81 59 81 71 61 53 100 96 36  7 46 81 
69  5 47 98 19 11 23 64 59 92  8 74  3 38 58  4 24 100 61 31 63 49 28 69 44 50 28 16 55  0 52 76 53 75  1 79 45 77 46 35  4 61 25 17 90 60 49 38 37 80 84 32 63 42 30 56 29 44  9 38 
12 86 25 33 30 66 14 92 15 67  5 90 21 45 79 32 97 40 56 34 47 23 82 74 95 27 89 14 66 52  0 65 95 34 84 71 55 77 51 68 17 84 32 90 90  6 32 29  8 12 57 57 38 76 70 85 92 80 35 93 
66 39  6 49 37 12  7 10 27 53 55 25 22 11 34 24 66 22 53 80  6 86 81 26 20 83 93 60 87 76 65  0 76 83  7 72 25 50 53 90  5 92  9 11 69 74 99 50 13 88 47 50 90 40 81 31 58 79 50 89 
15 53 71 13 48 25 79 50 57 23 46 93 97 90 38 28  5 87 39 26 42 27 77 19 14 81 70 24 26 53 95 76  0 37 98 52  9 32 12  8 79 56 79 79 64 92 21 68 64 51 79 27 79 82 79 66 54 82 21 66 
96 77 22 14 56 12 62 83 68  3 73 30 79 91 29 24 78 28 66 93 20 54 31 43 98 51 58 66 11 75 34 83 37  0 59 34 100 84 30 66 36 12 25 98  1 71 88 27 45 90 52 40 40 50 63 98 27 47 32 46 
27 37 26 95 49 75 95 85 77 31  5 95 74 50 47 97 83 57 81 68 70 60 36 12 26 84 31 91 13  1 84  7 98 59  0 86 34 56 53  8 23 37  9 46 42 69 90 40 40 69 83  4 33 53 50 76 37 69 93 71 
88  7 83 82 82 34 31 90 88 17 95 79 55 10 60 50 39 91 17 46 79 34 75  3 88 25 96 26 70 79 71 72 52 34 86  0 95 83 30 23  4 93 74 57  8 36 30 72  6 84 38 35 15 80 18 34 81 45 36 40 
25 37 49 22 83 77 39 27 78 94 80 15 19  6 30 13 47 74 50 12 74 55 73 91 43 66 90 77 17 45 55 25  9 100 34 95  0 19 14 27 60 54 61 86 76 31  8 60 34 63 47 63 29 66 50 19 68 36 78 43 
43 20  8 53 38 88 56 33 27 19 27 41 30 78 16 84 84 72 97 60 55 14 80 59 80 33 65 65 41 77 77 50 32 84 56 83 19  0 87 74 89 66 77 90 89 20 70 35 18 63  3 27 74 99 34 10 20 51 17 44 
80 41 81 64 17 23 77 70 54 84 77 95  1 73 76 13 35 42 17 79 10  3 49 56 18 93 12 98 45 46 51 53 12 30 53 30 14 87  0 15  4 48 42 12 66 52 78 37 24 16 32 40 71 77 57 85 95  3 21 86 
15 99 28 52 10 31 100 92 19 42 52 25 31 70 68  4 76 82 32 35 51 12 38 57 68 68 45 26 91 35 68 90  8 66  8 23 27 74 15  0 90 76 81 31 14 69 59 10 21 100 97  4 60 27 39 37 17 12 23 29 
76 45 15 25 90 43 52 53  3 34 24 74 56  9  5 20 30 72 45 23 86 10 63 99 42 97 78 43 51  4 17  5 79 36 23  4 60 89  4 90  0 99 51 42 35 99 45 60 40 19 15 65 58 88 45 23 37 47 17  9 
19 50 16 59 22  8 93 80 60 89 13 75 39 98 68 51 20 64 29 45 30 38 34 71 71 36 92 86 90 61 84 92 56 12 37 93 54 66 48 76 99  0 46 36 41 98 72 95  2 93 36 21 23 77 41 83 60  7 69 59 
57 76 20 26 45  9 64  2 59 86 39 15 32 38 55 58  7 41 72 64 75 36 75 78  6 24 61 30 32 25 32  9 79 25  9 74 61 77 42 81 51 46  0  4 28 19 61 25 92 20 40 13 84 71 94  8 89 37 18 86 
12 42 10 29 83 36 90 37 37 75 37 64 62 89 54 44 81 79  3 66 37 96 13 84 27 69 89 47 63 17 90 11 79 98 46 57 86 90 12 31 42 36  4  0 63 69 29 18 20 50 66 89 28 67 44 46 62 85 33 67 
73 44 17 53 99 69 36 65 97 57 51 67 85 39 80 83 51 43 24 51  8 93 16 72 17 47 64 78 68 90 90 69 64  1 42  8 76 89 66 14 35 41 28 63  0 73 35 92 32 80 50 13 61 41  2  8  7 73 17 83 
32 46 84 85 24 37 62 62 35 79 21 45 62 100 33 54 88 27 75 91 97 48 21 70  5 37 47 67  5 60  6 74 92 71 69 36 31 20 52 69 99 98 19 69 73  0 55 74 18 94 46 92  2  8 30 82 71 32 60 57 
40 84 15 74 69 67 92 66 94 57 58 54 86 79 15 47 66 45 60 45 18 69 91 73  3 92 70 68 11 49 32 99 21 88 90 30  8 70 78 59 45 72 61 29 35 55  0 82 96 74 61 79 47 90 37 22 50 41  9 29 
15 73 57 87 86 86 18 73 72 24 34 48 18 55 48 71 43 11 53 14 17 65  1 45 39 99 35 49 88 38 29 50 68 27 40 72 60 35 37 10 60 95 25 18 92 74 82  0 90 44 32 48 36 54 53 82 38 56 27 53 
87 69 100  5 19 40 16 23 14 50 37 16 46 24 77  2 42 33 100 50 27 60 22 88 72 35 55 46 81 37  8 13 64 45 40  6 34 18 24 21 40  2 92 20 32 18 96 90  0 73  2 56 12 45 63 41 16 61 37 69 
11 50 79 61 21 78 99 39 48 95 78 50  7 100 22 81  8 89 94 60 30 84 28 69 62 88 48 19 59 80 12 88 51 90 69 84 63 63 16 100 19 93 20 50 80 94 74 44 73  0  6 31 94 33 89 74 32 39 53 32 
23 57 32 44 52 100 42 54 41  1 19 54 59 93 84 24 51 91 74 93 16 70 91 50 56 52 41 47 81 84 57 47 79 52 83 38 47  3 32 97 15 36 40 66 50 46 61 32  2  6  0 91 19 74 71 16 55 80  1 90 
49 99 60 17 32 27 37 46 29 35 61 100 88 56 77 33  8 97 30 23 20 91 25  1 75 61 17 11 71 32 57 50 27 40  4 35 63 27 40  4 65 21 13 89 13 92 79 48 56 31 91  0 97 11 58 67 93  3 75  4 
50 49 16 69 100 15 85 32 91 27 93 17 25 54 70 20 87 88 55 61 64 96 75 87 14 36 64 31 61 63 38 90 79 40 33 15 29 74 71 60 58 23 84 28 61  2 47 36 12 94 19 97  0 87 71 75 24 72 50 31 
61 65 95 88 45 39 89 73 26 31 25 90  5 30 29  6 28  8 23 36 95 81 76 63 31 92 78 72 53 42 76 40 82 50 53 80 66 99 77 27 88 77 71 67 41  8 90 54 45 33 74 11 87  0 12 48 77 17 65 73 
57 28 55 32 99 46 46 34 51 65  6 39 86 88 85 40  7  7 54 73 90 98 41  9 71 47 78 71 100 30 70 81 79 63 50 18 50 34 57 39 45 41 94 44  2 30 37 53 63 89 71 58 71 12  0 30 99 45 72 12 
81 50 50 84 41 23 15 90 98 89 38 68 45 87 47 63 33 72 88 35  6 68 92 48  4 75 69 27 96 56 85 31 66 98 76 34 19 10 85 37 23 83  8 46  8 82 22 82 41 74 16 67 75 48 30  0  5 39 42 47 
11 46 89 38  9 62 53 27 46 21 24 12 73 18 94 89 61 57 44 86 43 53 61 65 29  2  6 51 36 29 92 58 54 27 37 81 68 20 95 17 37 60 89 62  7 71 50 38 16 32 55 93 24 77 99  5  0 69 78 52 
19 19 42 90 96 16 85 50 48 19 62 56 52 10 48 40 59 70 96 26 19  2 44 40  1 11 20 19  7 44 80 79 82 47 69 45 36 51  3 12 47  7 37 85 73 32 41 56 61 39 80  3 72 17 45 39 69  0 81 45 
18  2 49 55 79  2 69 77 100 20  2 43 21 69 89 47 68 34 37 11 70 55 58 22 58 97 15 67 46  9 35 50 21 32 93 36 78 17 21 23 17 69 18 33 17 60  9 27 37 53  1 75 50 65 72 42 78 81  0 34 
94 82 74 62 14 55 31 16 86 27 15 59 60 17 25 56 60 11 64 80 24 72 29 58 10 23  4  1 81 38 93 89 66 46 71 40 43 44 86 29  9 59 86 67 83 57 29 53 69 32 90  4 31 73 12 47 52 45 34  0 
